return {
	["Keyframes"] = {
		[0] = {
			["Poses"] = {
				["HumanoidRootPart"] = {
					["EasingStyle"] = Enum.EasingStyle.Linear,
					["Weight"] = 0,
					["CFrame"] = CFrame.new(0,0,0,1,0,0,0,1,0,0,0,1),
					["SubPoses"] = {
						["Torso"] = {
							["EasingStyle"] = Enum.EasingStyle.Linear,
							["Weight"] = 1,
							["CFrame"] = CFrame.new(-0.00830273,0.158209,0.130727,0.999843,0.0177005,0.000973357,-0.0177172,0.995925,0.0884273,0.000595832,-0.0884307,0.996082),
							["SubPoses"] = {
								["Head"] = {
									["EasingStyle"] = Enum.EasingStyle.Linear,
									["Weight"] = 1,
									["CFrame"] = CFrame.new(7.91624e-09,1.78814e-07,-2.38419e-07,0.999752,0.0201372,0.00952237,-0.0171208,0.968137,-0.249833,-0.0142499,0.249609,0.968242),
									["EasingDirection"] = Enum.EasingDirection.In
								},
								["Left Leg"] = {
									["EasingStyle"] = Enum.EasingStyle.Linear,
									["Weight"] = 1,
									["CFrame"] = CFrame.new(-0.51141,0.415743,-0.00516307,0.977489,-0.210934,0.00480144,0.209853,0.974335,0.0814378,-0.0218562,-0.0785968,0.996667),
									["EasingDirection"] = Enum.EasingDirection.In
								},
								["Right Arm"] = {
									["EasingStyle"] = Enum.EasingStyle.Linear,
									["Weight"] = 1,
									["CFrame"] = CFrame.new(-0.0128878,-0.201961,0.15497,0.990112,0.109536,-0.0876358,0.0273275,0.462146,0.886383,0.137591,-0.880013,0.454583),
									["EasingDirection"] = Enum.EasingDirection.In
								},
								["Right Leg"] = {
									["EasingStyle"] = Enum.EasingStyle.Linear,
									["Weight"] = 1,
									["CFrame"] = CFrame.new(0.492426,0.328053,0.00191057,0.977489,0.210978,0.00206386,-0.209853,0.97117,0.113095,0.0218562,-0.110982,0.993582),
									["EasingDirection"] = Enum.EasingDirection.In
								},
								["Left Arm"] = {
									["EasingStyle"] = Enum.EasingStyle.Linear,
									["Weight"] = 1,
									["CFrame"] = CFrame.new(0.00387385,-0.462972,0.203959,0.995555,-0.0506115,0.0794313,-0.062124,0.28102,0.957689,-0.0707918,-0.958366,0.276626),
									["EasingDirection"] = Enum.EasingDirection.In
								},
							},
							["EasingDirection"] = Enum.EasingDirection.In
						},
					},
					["EasingDirection"] = Enum.EasingDirection.In
				},
			},
			["Markers"] = {}
		},
		[0.0333333] = {
			["Poses"] = {
				["HumanoidRootPart"] = {
					["EasingStyle"] = Enum.EasingStyle.Linear,
					["Weight"] = 0,
					["CFrame"] = CFrame.new(0,0,0,1,0,0,0,1,0,0,0,1),
					["SubPoses"] = {
						["Torso"] = {
							["EasingStyle"] = Enum.EasingStyle.Linear,
							["Weight"] = 1,
							["CFrame"] = CFrame.new(-0.00827896,0.16816,0.129708,0.999529,0.0300168,-0.00644376,-0.0292035,0.994352,0.102033,0.00947008,-0.101797,0.99476),
							["SubPoses"] = {
								["Head"] = {
									["EasingStyle"] = Enum.EasingStyle.Linear,
									["Weight"] = 1,
									["CFrame"] = CFrame.new(8.84756e-09,1.93715e-07,-2.68221e-07,0.999752,0.0206028,0.00846786,-0.0171208,0.953916,-0.299584,-0.0142499,0.299365,0.954032),
									["EasingDirection"] = Enum.EasingDirection.In
								},
								["Left Leg"] = {
									["EasingStyle"] = Enum.EasingStyle.Linear,
									["Weight"] = 1,
									["CFrame"] = CFrame.new(-0.431517,0.419822,-0.00588119,0.998659,-0.0515418,0.00480144,0.0509807,0.995374,0.0814377,-0.00897667,-0.0810838,0.996667),
									["EasingDirection"] = Enum.EasingDirection.In
								},
								["Right Arm"] = {
									["EasingStyle"] = Enum.EasingStyle.Linear,
									["Weight"] = 1,
									["CFrame"] = CFrame.new(-0.0140134,-0.212979,0.171623,0.99036,0.0198802,-0.137082,0.108599,0.502872,0.857512,0.0859821,-0.864132,0.495865),
									["EasingDirection"] = Enum.EasingDirection.In
								},
								["Right Leg"] = {
									["EasingStyle"] = Enum.EasingStyle.Linear,
									["Weight"] = 1,
									["CFrame"] = CFrame.new(0.174151,0.211152,0.00481644,0.990637,0.124525,-0.0559692,-0.112915,0.977747,0.176806,0.0767405,-0.168831,0.982653),
									["EasingDirection"] = Enum.EasingDirection.In
								},
								["Left Arm"] = {
									["EasingStyle"] = Enum.EasingStyle.Linear,
									["Weight"] = 1,
									["CFrame"] = CFrame.new(0.000932686,-0.502266,0.197079,0.988854,-0.109064,0.101352,-0.0807122,0.179346,0.98047,-0.125111,-0.977722,0.168544),
									["EasingDirection"] = Enum.EasingDirection.In
								},
							},
							["EasingDirection"] = Enum.EasingDirection.In
						},
					},
					["EasingDirection"] = Enum.EasingDirection.In
				},
			},
			["Markers"] = {}
		},
		[0.0666667] = {
			["Poses"] = {
				["HumanoidRootPart"] = {
					["EasingStyle"] = Enum.EasingStyle.Linear,
					["Weight"] = 0,
					["CFrame"] = CFrame.new(0,0,0,1,0,0,0,1,0,0,0,1),
					["SubPoses"] = {
						["Torso"] = {
							["EasingStyle"] = Enum.EasingStyle.Linear,
							["Weight"] = 1,
							["CFrame"] = CFrame.new(-0.00859583,0.157547,0.120797,0.999305,0.0361202,-0.00923209,-0.0347881,0.992469,0.117453,0.013405,-0.117051,0.993035),
							["SubPoses"] = {
								["Head"] = {
									["EasingStyle"] = Enum.EasingStyle.Linear,
									["Weight"] = 1,
									["CFrame"] = CFrame.new(8.84756e-09,1.93715e-07,-3.27826e-07,0.999752,0.0201818,0.00942734,-0.0171208,0.966949,-0.254395,-0.0142499,0.25417,0.967055),
									["EasingDirection"] = Enum.EasingDirection.In
								},
								["Left Leg"] = {
									["EasingStyle"] = Enum.EasingStyle.Linear,
									["Weight"] = 1,
									["CFrame"] = CFrame.new(-0.334256,0.320272,0.00178444,0.995844,0.090947,0.00480144,-0.0910353,0.992512,0.0814377,0.00264103,-0.0815364,0.996667),
									["EasingDirection"] = Enum.EasingDirection.In
								},
								["Right Arm"] = {
									["EasingStyle"] = Enum.EasingStyle.Linear,
									["Weight"] = 1,
									["CFrame"] = CFrame.new(-0.0139557,-0.212414,0.17077,0.978306,-0.114542,-0.17262,0.207134,0.555497,0.805307,0.00364814,-0.823592,0.567172),
									["EasingDirection"] = Enum.EasingDirection.In
								},
								["Right Leg"] = {
									["EasingStyle"] = Enum.EasingStyle.Linear,
									["Weight"] = 1,
									["CFrame"] = CFrame.new(0.202014,0.0667987,0.0373998,0.959774,0.280705,0.00616508,-0.279242,0.952024,0.125195,0.0292736,-0.121881,0.992113),
									["EasingDirection"] = Enum.EasingDirection.In
								},
								["Left Arm"] = {
									["EasingStyle"] = Enum.EasingStyle.Linear,
									["Weight"] = 1,
									["CFrame"] = CFrame.new(0.0537297,-0.464067,0.193062,0.978357,-0.184667,0.0933619,-0.0653538,0.152333,0.986166,-0.196335,-0.970924,0.136967),
									["EasingDirection"] = Enum.EasingDirection.In
								},
							},
							["EasingDirection"] = Enum.EasingDirection.In
						},
					},
					["EasingDirection"] = Enum.EasingDirection.In
				},
			},
			["Markers"] = {}
		},
		[0.1] = {
			["Poses"] = {
				["HumanoidRootPart"] = {
					["EasingStyle"] = Enum.EasingStyle.Linear,
					["Weight"] = 0,
					["CFrame"] = CFrame.new(0,0,0,1,0,0,0,1,0,0,0,1),
					["SubPoses"] = {
						["Torso"] = {
							["EasingStyle"] = Enum.EasingStyle.Linear,
							["Weight"] = 1,
							["CFrame"] = CFrame.new(-0.00816737,0.160393,0.0903163,0.999636,0.0236429,-0.0129555,-0.0221062,0.993895,0.10809,0.015432,-0.107765,0.994057),
							["SubPoses"] = {
								["Head"] = {
									["EasingStyle"] = Enum.EasingStyle.Linear,
									["Weight"] = 1,
									["CFrame"] = CFrame.new(9.77889e-09,2.16067e-07,-3.27826e-07,0.999752,0.0188236,0.0119102,-0.0171208,0.9914,-0.129739,-0.0142499,0.129503,0.991477),
									["EasingDirection"] = Enum.EasingDirection.In
								},
								["Left Leg"] = {
									["EasingStyle"] = Enum.EasingStyle.Linear,
									["Weight"] = 1,
									["CFrame"] = CFrame.new(-0.191254,0.229674,0.0084984,0.975362,0.220559,0.00480144,-0.22021,0.972047,0.0814378,0.0132946,-0.0804886,0.996667),
									["EasingDirection"] = Enum.EasingDirection.In
								},
								["Right Arm"] = {
									["EasingStyle"] = Enum.EasingStyle.Linear,
									["Weight"] = 1,
									["CFrame"] = CFrame.new(-0.0043871,-0.208872,0.16909,0.951074,-0.243603,-0.190039,0.297719,0.558176,0.77447,-0.0825879,-0.793157,0.603392),
									["EasingDirection"] = Enum.EasingDirection.In
								},
								["Right Leg"] = {
									["EasingStyle"] = Enum.EasingStyle.Linear,
									["Weight"] = 1,
									["CFrame"] = CFrame.new(0.425047,-0.0471187,8.58903e-05,0.844373,0.530975,0.0714097,-0.535445,0.840891,0.0787469,-0.0182351,-0.104728,0.994334),
									["EasingDirection"] = Enum.EasingDirection.In
								},
								["Left Arm"] = {
									["EasingStyle"] = Enum.EasingStyle.Linear,
									["Weight"] = 1,
									["CFrame"] = CFrame.new(0.0802735,-0.465802,0.187179,0.974622,-0.200526,0.099502,-0.0597908,0.195156,0.978948,-0.215723,-0.960054,0.178214),
									["EasingDirection"] = Enum.EasingDirection.In
								},
							},
							["EasingDirection"] = Enum.EasingDirection.In
						},
					},
					["EasingDirection"] = Enum.EasingDirection.In
				},
			},
			["Markers"] = {}
		},
		[0.133333] = {
			["Poses"] = {
				["HumanoidRootPart"] = {
					["EasingStyle"] = Enum.EasingStyle.Linear,
					["Weight"] = 0,
					["CFrame"] = CFrame.new(0,0,0,1,0,0,0,1,0,0,0,1),
					["SubPoses"] = {
						["Torso"] = {
							["EasingStyle"] = Enum.EasingStyle.Linear,
							["Weight"] = 1,
							["CFrame"] = CFrame.new(-0.00797107,0.148434,0.0713389,0.999949,0.00570518,-0.00833362,-0.00486325,0.995197,0.0977694,0.0088514,-0.097724,0.995174),
							["SubPoses"] = {
								["Head"] = {
									["EasingStyle"] = Enum.EasingStyle.Linear,
									["Weight"] = 1,
									["CFrame"] = CFrame.new(1.02445e-08,2.12342e-07,-3.57628e-07,0.999752,0.0178086,0.0133804,-0.0171208,0.998609,-0.0498699,-0.0142499,0.0496284,0.998666),
									["EasingDirection"] = Enum.EasingDirection.In
								},
								["Left Leg"] = {
									["EasingStyle"] = Enum.EasingStyle.Linear,
									["Weight"] = 1,
									["CFrame"] = CFrame.new(0.00906649,0.169001,0.012491,0.950501,0.310684,0.00480144,-0.310027,0.947233,0.0814378,0.0207533,-0.0788953,0.996667),
									["EasingDirection"] = Enum.EasingDirection.In
								},
								["Right Arm"] = {
									["EasingStyle"] = Enum.EasingStyle.Linear,
									["Weight"] = 1,
									["CFrame"] = CFrame.new(0.0133982,-0.200238,0.163057,0.907943,-0.375517,-0.186082,0.368212,0.502719,0.782108,-0.200148,-0.778627,0.59471),
									["EasingDirection"] = Enum.EasingDirection.In
								},
								["Right Leg"] = {
									["EasingStyle"] = Enum.EasingStyle.Linear,
									["Weight"] = 1,
									["CFrame"] = CFrame.new(0.609436,-0.19988,0.00213027,0.695241,0.715535,0.0681843,-0.718684,0.690498,0.0818907,0.0115146,-0.105937,0.994306),
									["EasingDirection"] = Enum.EasingDirection.In
								},
								["Left Arm"] = {
									["EasingStyle"] = Enum.EasingStyle.Linear,
									["Weight"] = 1,
									["CFrame"] = CFrame.new(0.0729876,-0.495022,0.18283,0.979491,-0.164511,0.116329,-0.0667247,0.27993,0.957699,-0.190116,-0.94582,0.263212),
									["EasingDirection"] = Enum.EasingDirection.In
								},
							},
							["EasingDirection"] = Enum.EasingDirection.In
						},
					},
					["EasingDirection"] = Enum.EasingDirection.In
				},
			},
			["Markers"] = {}
		},
		[0.166667] = {
			["Poses"] = {
				["HumanoidRootPart"] = {
					["EasingStyle"] = Enum.EasingStyle.Linear,
					["Weight"] = 0,
					["CFrame"] = CFrame.new(0,0,0,1,0,0,0,1,0,0,0,1),
					["SubPoses"] = {
						["Torso"] = {
							["EasingStyle"] = Enum.EasingStyle.Linear,
							["Weight"] = 1,
							["CFrame"] = CFrame.new(-0.00751286,0.117682,0.0639826,0.999853,-0.0166745,0.00399454,0.016225,0.995433,0.0940729,-0.0055449,-0.0939943,0.995557),
							["SubPoses"] = {
								["Head"] = {
									["EasingStyle"] = Enum.EasingStyle.Linear,
									["Weight"] = 1,
									["CFrame"] = CFrame.new(1.02445e-08,2.10479e-07,-3.27826e-07,0.999752,0.0176845,0.013544,-0.0171208,0.999026,-0.0406619,-0.0142499,0.04042,0.999081),
									["EasingDirection"] = Enum.EasingDirection.In
								},
								["Left Leg"] = {
									["EasingStyle"] = Enum.EasingStyle.Linear,
									["Weight"] = 1,
									["CFrame"] = CFrame.new(-0.0357475,0.0250407,0.0244697,0.992271,0.123995,0.00480144,-0.123973,0.988938,0.0814378,0.00534956,-0.0814036,0.996667),
									["EasingDirection"] = Enum.EasingDirection.In
								},
								["Right Arm"] = {
									["EasingStyle"] = Enum.EasingStyle.Linear,
									["Weight"] = 1,
									["CFrame"] = CFrame.new(0.0118051,-0.200342,0.162567,0.8625,-0.425077,-0.274595,0.456498,0.419347,0.784702,-0.218409,-0.802158,0.555734),
									["EasingDirection"] = Enum.EasingDirection.In
								},
								["Right Leg"] = {
									["EasingStyle"] = Enum.EasingStyle.Linear,
									["Weight"] = 1,
									["CFrame"] = CFrame.new(0.769528,-0.296712,-0.00561348,0.562093,0.826985,0.0121341,-0.826546,0.56115,0.043957,0.0295427,-0.0347373,0.99896),
									["EasingDirection"] = Enum.EasingDirection.In
								},
								["Left Arm"] = {
									["EasingStyle"] = Enum.EasingStyle.Linear,
									["Weight"] = 1,
									["CFrame"] = CFrame.new(0.068799,-0.49308,0.18411,0.99329,-0.0349337,0.110251,-0.08883,0.380013,0.920706,-0.0740606,-0.924321,0.374359),
									["EasingDirection"] = Enum.EasingDirection.In
								},
							},
							["EasingDirection"] = Enum.EasingDirection.In
						},
					},
					["EasingDirection"] = Enum.EasingDirection.In
				},
			},
			["Markers"] = {}
		},
		[0.2] = {
			["Poses"] = {
				["HumanoidRootPart"] = {
					["EasingStyle"] = Enum.EasingStyle.Linear,
					["Weight"] = 0,
					["CFrame"] = CFrame.new(0,0,0,1,0,0,0,1,0,0,0,1),
					["SubPoses"] = {
						["Torso"] = {
							["EasingStyle"] = Enum.EasingStyle.Linear,
							["Weight"] = 1,
							["CFrame"] = CFrame.new(-0.00734641,0.107722,0.0648515,0.999482,-0.0265384,0.0181881,0.024856,0.995881,0.0871965,-0.0204272,-0.0866994,0.996025),
							["SubPoses"] = {
								["Head"] = {
									["EasingStyle"] = Enum.EasingStyle.Linear,
									["Weight"] = 1,
									["CFrame"] = CFrame.new(9.77889e-09,2.04891e-07,-2.98023e-07,0.999752,0.0185454,0.012339,-0.0171208,0.994116,-0.106955,-0.0142499,0.106717,0.994187),
									["EasingDirection"] = Enum.EasingDirection.In
								},
								["Left Leg"] = {
									["EasingStyle"] = Enum.EasingStyle.Linear,
									["Weight"] = 1,
									["CFrame"] = CFrame.new(0.00769362,-0.0257512,0.0279413,0.99859,-0.0528473,0.00511057,0.0523108,0.995764,0.0756159,-0.00908502,-0.075242,0.997124),
									["EasingDirection"] = Enum.EasingDirection.In
								},
								["Right Arm"] = {
									["EasingStyle"] = Enum.EasingStyle.Linear,
									["Weight"] = 1,
									["CFrame"] = CFrame.new(0.0102123,-0.200447,0.162078,0.87434,-0.369977,-0.314079,0.436217,0.315477,0.842727,-0.212705,-0.873837,0.437225),
									["EasingDirection"] = Enum.EasingDirection.In
								},
								["Right Leg"] = {
									["EasingStyle"] = Enum.EasingStyle.Linear,
									["Weight"] = 1,
									["CFrame"] = CFrame.new(0.949602,-0.121016,-0.0143474,0.655841,0.754781,0.0133751,-0.754387,0.65464,0.0484549,0.0278169,-0.0418686,0.998736),
									["EasingDirection"] = Enum.EasingDirection.In
								},
								["Left Arm"] = {
									["EasingStyle"] = Enum.EasingStyle.Linear,
									["Weight"] = 1,
									["CFrame"] = CFrame.new(0.0646103,-0.491137,0.185391,0.997169,0.0682302,0.031595,-0.0559983,0.393484,0.917624,0.0501776,-0.916796,0.396191),
									["EasingDirection"] = Enum.EasingDirection.In
								},
							},
							["EasingDirection"] = Enum.EasingDirection.In
						},
					},
					["EasingDirection"] = Enum.EasingDirection.In
				},
			},
			["Markers"] = {}
		},
		[0.233333] = {
			["Poses"] = {
				["HumanoidRootPart"] = {
					["EasingStyle"] = Enum.EasingStyle.Linear,
					["Weight"] = 0,
					["CFrame"] = CFrame.new(0,0,0,1,0,0,0,1,0,0,0,1),
					["SubPoses"] = {
						["Torso"] = {
							["EasingStyle"] = Enum.EasingStyle.Linear,
							["Weight"] = 1,
							["CFrame"] = CFrame.new(0.00285772,0.09795,0.0654818,0.998691,-0.0437907,0.0264032,0.0414775,0.995721,0.0825703,-0.0299061,-0.0813672,0.996235),
							["SubPoses"] = {
								["Head"] = {
									["EasingStyle"] = Enum.EasingStyle.Linear,
									["Weight"] = 1,
									["CFrame"] = CFrame.new(9.77889e-09,2.08616e-07,-2.98023e-07,0.999752,0.0197399,0.0103207,-0.0171208,0.97736,-0.210888,-0.0142499,0.210659,0.977456),
									["EasingDirection"] = Enum.EasingDirection.In
								},
								["Left Leg"] = {
									["EasingStyle"] = Enum.EasingStyle.Linear,
									["Weight"] = 1,
									["CFrame"] = CFrame.new(0.0198715,0.0187102,0.0243436,0.959562,-0.281453,0.00511923,0.280268,0.956907,0.0760184,-0.0262942,-0.0715096,0.997093),
									["EasingDirection"] = Enum.EasingDirection.In
								},
								["Right Arm"] = {
									["EasingStyle"] = Enum.EasingStyle.Linear,
									["Weight"] = 1,
									["CFrame"] = CFrame.new(0.0364654,-0.189608,0.15939,0.928211,-0.191429,-0.319029,0.364773,0.299421,0.881639,-0.0732471,-0.93472,0.347754),
									["EasingDirection"] = Enum.EasingDirection.In
								},
								["Right Leg"] = {
									["EasingStyle"] = Enum.EasingStyle.Linear,
									["Weight"] = 1,
									["CFrame"] = CFrame.new(1.17324,0.200973,0.0575896,0.800157,0.594255,-0.0812965,-0.593667,0.803998,0.0338628,0.0854854,0.0211675,0.996114),
									["EasingDirection"] = Enum.EasingDirection.In
								},
								["Left Arm"] = {
									["EasingStyle"] = Enum.EasingStyle.Linear,
									["Weight"] = 1,
									["CFrame"] = CFrame.new(0.0225946,-0.443309,0.210813,0.981912,0.184878,0.0408419,-0.106856,0.363043,0.925625,0.156301,-0.913247,0.376231),
									["EasingDirection"] = Enum.EasingDirection.In
								},
							},
							["EasingDirection"] = Enum.EasingDirection.In
						},
					},
					["EasingDirection"] = Enum.EasingDirection.In
				},
			},
			["Markers"] = {}
		},
		[0.266667] = {
			["Poses"] = {
				["HumanoidRootPart"] = {
					["EasingStyle"] = Enum.EasingStyle.Linear,
					["Weight"] = 0,
					["CFrame"] = CFrame.new(0,0,0,1,0,0,0,1,0,0,0,1),
					["SubPoses"] = {
						["Torso"] = {
							["EasingStyle"] = Enum.EasingStyle.Linear,
							["Weight"] = 1,
							["CFrame"] = CFrame.new(0.00301364,0.108644,0.074734,0.998001,-0.0530088,0.0344174,0.050407,0.996093,0.0725066,-0.0381265,-0.0706268,0.996774),
							["SubPoses"] = {
								["Head"] = {
									["EasingStyle"] = Enum.EasingStyle.Linear,
									["Weight"] = 1,
									["CFrame"] = CFrame.new(9.31323e-09,2.08616e-07,-3.27826e-07,0.999752,0.020243,0.00929519,-0.0171208,0.965265,-0.260712,-0.0142499,0.260488,0.965372),
									["EasingDirection"] = Enum.EasingDirection.In
								},
								["Left Leg"] = {
									["EasingStyle"] = Enum.EasingStyle.Linear,
									["Weight"] = 1,
									["CFrame"] = CFrame.new(-0.177907,0.0166334,0.0253786,0.837748,-0.546034,0.00508214,0.544118,0.835521,0.0764189,-0.0459735,-0.0612545,0.997063),
									["EasingDirection"] = Enum.EasingDirection.In
								},
								["Right Arm"] = {
									["EasingStyle"] = Enum.EasingStyle.Linear,
									["Weight"] = 1,
									["CFrame"] = CFrame.new(0.0328097,-0.190523,0.159063,0.953402,0.00396048,-0.301678,0.284518,0.320857,0.903383,0.100373,-0.947119,0.304779),
									["EasingDirection"] = Enum.EasingDirection.In
								},
								["Right Leg"] = {
									["EasingStyle"] = Enum.EasingStyle.Linear,
									["Weight"] = 1,
									["CFrame"] = CFrame.new(0.959356,0.383787,0.0346259,0.968274,0.238667,-0.0740526,-0.236373,0.970901,0.0384646,0.0810779,-0.0197403,0.996512),
									["EasingDirection"] = Enum.EasingDirection.In
								},
								["Left Arm"] = {
									["EasingStyle"] = Enum.EasingStyle.Linear,
									["Weight"] = 1,
									["CFrame"] = CFrame.new(0.0202986,-0.420566,0.251527,0.968174,0.250183,-0.00687545,-0.0639883,0.273997,0.959599,0.241959,-0.928619,0.281286),
									["EasingDirection"] = Enum.EasingDirection.In
								},
							},
							["EasingDirection"] = Enum.EasingDirection.In
						},
					},
					["EasingDirection"] = Enum.EasingDirection.In
				},
			},
			["Markers"] = {}
		},
		[0.3] = {
			["Poses"] = {
				["HumanoidRootPart"] = {
					["EasingStyle"] = Enum.EasingStyle.Linear,
					["Weight"] = 0,
					["CFrame"] = CFrame.new(0,0,0,1,0,0,0,1,0,0,0,1),
					["SubPoses"] = {
						["Torso"] = {
							["EasingStyle"] = Enum.EasingStyle.Linear,
							["Weight"] = 1,
							["CFrame"] = CFrame.new(0.00342679,0.110222,0.0946661,0.997668,-0.0554473,0.0397997,0.0522393,0.995618,0.0775604,-0.0439258,-0.0753005,0.996193),
							["SubPoses"] = {
								["Head"] = {
									["EasingStyle"] = Enum.EasingStyle.Linear,
									["Weight"] = 1,
									["CFrame"] = CFrame.new(9.77889e-09,2.08616e-07,-3.57628e-07,0.999752,0.0195589,0.0106597,-0.0171208,0.980853,-0.193993,-0.0142499,0.193763,0.980945),
									["EasingDirection"] = Enum.EasingDirection.In
								},
								["Left Leg"] = {
									["EasingStyle"] = Enum.EasingStyle.Linear,
									["Weight"] = 1,
									["CFrame"] = CFrame.new(-0.44132,-0.000756383,0.0279202,0.748162,-0.663497,0.00499219,0.661258,0.746215,0.0768133,-0.0546907,-0.0541677,0.997033),
									["EasingDirection"] = Enum.EasingDirection.In
								},
								["Right Arm"] = {
									["EasingStyle"] = Enum.EasingStyle.Linear,
									["Weight"] = 1,
									["CFrame"] = CFrame.new(0.0291539,-0.191438,0.158735,0.942634,0.174744,-0.284439,0.203756,0.373761,0.904868,0.264433,-0.910916,0.316715),
									["EasingDirection"] = Enum.EasingDirection.In
								},
								["Right Leg"] = {
									["EasingStyle"] = Enum.EasingStyle.Linear,
									["Weight"] = 1,
									["CFrame"] = CFrame.new(0.60188,0.389698,0.010143,0.996438,-0.0497178,-0.0681142,0.0528245,0.997608,0.0445941,0.0657341,-0.0480333,0.99668),
									["EasingDirection"] = Enum.EasingDirection.In
								},
								["Left Arm"] = {
									["EasingStyle"] = Enum.EasingStyle.Linear,
									["Weight"] = 1,
									["CFrame"] = CFrame.new(-0.0304685,-0.421581,0.240741,0.982126,0.186195,0.0275621,-0.0630864,0.187665,0.980205,0.177337,-0.964424,0.196057),
									["EasingDirection"] = Enum.EasingDirection.In
								},
							},
							["EasingDirection"] = Enum.EasingDirection.In
						},
					},
					["EasingDirection"] = Enum.EasingDirection.In
				},
			},
			["Markers"] = {}
		},
		[0.333333] = {
			["Poses"] = {
				["HumanoidRootPart"] = {
					["EasingStyle"] = Enum.EasingStyle.Linear,
					["Weight"] = 0,
					["CFrame"] = CFrame.new(0,0,0,1,0,0,0,1,0,0,0,1),
					["SubPoses"] = {
						["Torso"] = {
							["EasingStyle"] = Enum.EasingStyle.Linear,
							["Weight"] = 1,
							["CFrame"] = CFrame.new(0.00320887,0.102584,0.11547,0.998206,-0.0466881,0.0374735,0.0430237,0.994712,0.0932562,-0.0416293,-0.0914767,0.994936),
							["SubPoses"] = {
								["Head"] = {
									["EasingStyle"] = Enum.EasingStyle.Linear,
									["Weight"] = 1,
									["CFrame"] = CFrame.new(1.11759e-08,2.16067e-07,-3.27826e-07,0.999752,0.0200624,0.0096789,-0.0171208,0.970054,-0.242287,-0.0142499,0.242061,0.970156),
									["EasingDirection"] = Enum.EasingDirection.In
								},
								["Left Leg"] = {
									["EasingStyle"] = Enum.EasingStyle.Linear,
									["Weight"] = 1,
									["CFrame"] = CFrame.new(-0.512409,0.0189321,0.0266418,0.755906,-0.654662,0.00488125,0.652431,0.753905,0.077205,-0.0542232,-0.055175,0.997003),
									["EasingDirection"] = Enum.EasingDirection.In
								},
								["Right Arm"] = {
									["EasingStyle"] = Enum.EasingStyle.Linear,
									["Weight"] = 1,
									["CFrame"] = CFrame.new(0.025498,-0.192353,0.158408,0.931936,0.230059,-0.280299,0.147791,0.464897,0.872943,0.331139,-0.854953,0.399254),
									["EasingDirection"] = Enum.EasingDirection.In
								},
								["Right Leg"] = {
									["EasingStyle"] = Enum.EasingStyle.Linear,
									["Weight"] = 1,
									["CFrame"] = CFrame.new(0.26879,0.25076,-0.0044603,0.963105,-0.227536,-0.143721,0.238893,0.968716,0.0672249,0.123928,-0.0990786,0.987332),
									["EasingDirection"] = Enum.EasingDirection.In
								},
								["Left Arm"] = {
									["EasingStyle"] = Enum.EasingStyle.Linear,
									["Weight"] = 1,
									["CFrame"] = CFrame.new(-0.0274822,-0.425181,0.237542,0.991962,0.121738,0.0345047,-0.0535365,0.156713,0.986192,0.11465,-0.980113,0.16197),
									["EasingDirection"] = Enum.EasingDirection.In
								},
							},
							["EasingDirection"] = Enum.EasingDirection.In
						},
					},
					["EasingDirection"] = Enum.EasingDirection.In
				},
			},
			["Markers"] = {}
		},
		[0.366667] = {
			["Poses"] = {
				["HumanoidRootPart"] = {
					["EasingStyle"] = Enum.EasingStyle.Linear,
					["Weight"] = 0,
					["CFrame"] = CFrame.new(0,0,0,1,0,0,0,1,0,0,0,1),
					["SubPoses"] = {
						["Torso"] = {
							["EasingStyle"] = Enum.EasingStyle.Linear,
							["Weight"] = 1,
							["CFrame"] = CFrame.new(0.00168774,0.0837969,0.117766,0.999365,-0.0173302,0.0311271,0.0136888,0.993431,0.113604,-0.0328915,-0.113106,0.993038),
							["SubPoses"] = {
								["Head"] = {
									["EasingStyle"] = Enum.EasingStyle.Linear,
									["Weight"] = 1,
									["CFrame"] = CFrame.new(1.02445e-08,2.23517e-07,-3.57628e-07,0.999752,0.0190789,0.0114968,-0.0171208,0.988335,-0.151332,-0.0142499,0.151098,0.988416),
									["EasingDirection"] = Enum.EasingDirection.In
								},
								["Left Leg"] = {
									["EasingStyle"] = Enum.EasingStyle.Linear,
									["Weight"] = 1,
									["CFrame"] = CFrame.new(-0.560594,0.120338,0.0188929,0.797348,-0.603501,0.0047819,0.601392,0.795176,0.0776003,-0.0506343,-0.0589986,0.996973),
									["EasingDirection"] = Enum.EasingDirection.In
								},
								["Right Arm"] = {
									["EasingStyle"] = Enum.EasingStyle.Linear,
									["Weight"] = 1,
									["CFrame"] = CFrame.new(0.0218422,-0.193268,0.158082,0.941411,0.17202,-0.290094,0.14837,0.5612,0.814273,0.302872,-0.809607,0.502797),
									["EasingDirection"] = Enum.EasingDirection.In
								},
								["Right Leg"] = {
									["EasingStyle"] = Enum.EasingStyle.Linear,
									["Weight"] = 1,
									["CFrame"] = CFrame.new(0.0500496,0.0892521,-0.0229414,0.956614,-0.285105,-0.0600467,0.290303,0.950221,0.113154,0.0247968,-0.125677,0.991761),
									["EasingDirection"] = Enum.EasingDirection.In
								},
								["Left Arm"] = {
									["EasingStyle"] = Enum.EasingStyle.Linear,
									["Weight"] = 1,
									["CFrame"] = CFrame.new(-0.0214323,-0.369826,0.245073,0.99855,-0.0170762,0.0510591,-0.0471651,0.179887,0.982556,-0.0259632,-0.983539,0.178821),
									["EasingDirection"] = Enum.EasingDirection.In
								},
							},
							["EasingDirection"] = Enum.EasingDirection.In
						},
					},
					["EasingDirection"] = Enum.EasingDirection.In
				},
			},
			["Markers"] = {}
		},
		[0.4] = {
			["Poses"] = {
				["HumanoidRootPart"] = {
					["EasingStyle"] = Enum.EasingStyle.Linear,
					["Weight"] = 0,
					["CFrame"] = CFrame.new(0,0,0,1,0,0,0,1,0,0,0,1),
					["SubPoses"] = {
						["Torso"] = {
							["EasingStyle"] = Enum.EasingStyle.Linear,
							["Weight"] = 1,
							["CFrame"] = CFrame.new(-0.00903092,0.0735059,0.109014,0.999493,0.0206721,0.0242005,-0.0234518,0.992391,0.120866,-0.0215179,-0.121372,0.992374),
							["SubPoses"] = {
								["Head"] = {
									["EasingStyle"] = Enum.EasingStyle.Linear,
									["Weight"] = 1,
									["CFrame"] = CFrame.new(1.11759e-08,2.30968e-07,-3.57628e-07,0.999752,0.0185926,0.0122677,-0.0171208,0.993698,-0.110772,-0.0142499,0.110534,0.99377),
									["EasingDirection"] = Enum.EasingDirection.In
								},
								["Left Leg"] = {
									["EasingStyle"] = Enum.EasingStyle.Linear,
									["Weight"] = 1,
									["CFrame"] = CFrame.new(-0.604928,0.260428,0.00806653,0.910903,-0.412594,0.0047049,0.411007,0.908289,0.0780002,-0.0364558,-0.0691168,0.996942),
									["EasingDirection"] = Enum.EasingDirection.In
								},
								["Right Arm"] = {
									["EasingStyle"] = Enum.EasingStyle.Linear,
									["Weight"] = 1,
									["CFrame"] = CFrame.new(0.0181865,-0.194183,0.157754,0.962585,0.0145897,-0.270589,0.212125,0.580798,0.785924,0.168624,-0.813917,0.555972),
									["EasingDirection"] = Enum.EasingDirection.In
								},
								["Right Leg"] = {
									["EasingStyle"] = Enum.EasingStyle.Linear,
									["Weight"] = 1,
									["CFrame"] = CFrame.new(-0.0177411,0.0780685,-0.0221621,0.988213,-0.146485,-0.0444607,0.149986,0.984613,0.0896692,0.0306415,-0.0952807,0.994979),
									["EasingDirection"] = Enum.EasingDirection.In
								},
								["Left Arm"] = {
									["EasingStyle"] = Enum.EasingStyle.Linear,
									["Weight"] = 1,
									["CFrame"] = CFrame.new(0.0828992,-0.326611,0.234598,0.984591,-0.161774,0.0664057,-0.0208051,0.268674,0.963006,-0.173631,-0.949549,0.261168),
									["EasingDirection"] = Enum.EasingDirection.In
								},
							},
							["EasingDirection"] = Enum.EasingDirection.In
						},
					},
					["EasingDirection"] = Enum.EasingDirection.In
				},
			},
			["Markers"] = {}
		},
		[0.433333] = {
			["Poses"] = {
				["HumanoidRootPart"] = {
					["EasingStyle"] = Enum.EasingStyle.Linear,
					["Weight"] = 0,
					["CFrame"] = CFrame.new(0,0,0,1,0,0,0,1,0,0,0,1),
					["SubPoses"] = {
						["Torso"] = {
							["EasingStyle"] = Enum.EasingStyle.Linear,
							["Weight"] = 0,
							["CFrame"] = CFrame.new(0,0,0,1,0,0,0,1,0,0,0,1),
							["SubPoses"] = {
								["Head"] = {
									["EasingStyle"] = Enum.EasingStyle.Linear,
									["Weight"] = 1,
									["CFrame"] = CFrame.new(1.11759e-08,2.23517e-07,-3.57628e-07,0.999752,0.0175712,0.0136907,-0.0171208,0.99933,-0.0323491,-0.0142499,0.0321066,0.999383),
									["EasingDirection"] = Enum.EasingDirection.In
								},
								["Left Leg"] = {
									["EasingStyle"] = Enum.EasingStyle.Linear,
									["Weight"] = 1,
									["CFrame"] = CFrame.new(-0.609214,0.387303,-0.00195953,0.990285,-0.138976,0.00467812,0.138186,0.987298,0.0784047,-0.0155151,-0.0769965,0.996911),
									["EasingDirection"] = Enum.EasingDirection.In
								},
								["Right Arm"] = {
									["EasingStyle"] = Enum.EasingStyle.Linear,
									["Weight"] = 1,
									["CFrame"] = CFrame.new(0.0145307,-0.195098,0.157427,0.974554,-0.11273,-0.193745,0.223712,0.543455,0.809079,0.0140846,-0.831834,0.554845),
									["EasingDirection"] = Enum.EasingDirection.In
								},
								["Right Leg"] = {
									["EasingStyle"] = Enum.EasingStyle.Linear,
									["Weight"] = 1,
									["CFrame"] = CFrame.new(0.091947,0.102282,-0.0168723,0.993369,0.107986,-0.0394685,-0.103935,0.9902,0.0932822,0.0491549,-0.0885614,0.994857),
									["EasingDirection"] = Enum.EasingDirection.In
								},
								["Left Arm"] = {
									["EasingStyle"] = Enum.EasingStyle.Linear,
									["Weight"] = 1,
									["CFrame"] = CFrame.new(0.073602,-0.342653,0.230993,0.96523,-0.248241,0.0819035,0.013868,0.36151,0.932265,-0.261036,-0.898714,0.352383),
									["EasingDirection"] = Enum.EasingDirection.In
								},
							},
							["EasingDirection"] = Enum.EasingDirection.In
						},
					},
					["EasingDirection"] = Enum.EasingDirection.In
				},
			},
			["Markers"] = {}
		},
		[0.45] = {
			["Poses"] = {
				["HumanoidRootPart"] = {
					["EasingStyle"] = Enum.EasingStyle.Linear,
					["Weight"] = 0,
					["CFrame"] = CFrame.new(0,0,0,1,0,0,0,1,0,0,0,1),
					["SubPoses"] = {
						["Torso"] = {
							["EasingStyle"] = Enum.EasingStyle.Linear,
							["Weight"] = 1,
							["CFrame"] = CFrame.new(-0.00877435,0.0808748,0.0880309,0.999212,0.0381155,0.0110369,-0.0390781,0.993506,0.106852,-0.00689253,-0.107199,0.994214),
							["EasingDirection"] = Enum.EasingDirection.In
						},
					},
					["EasingDirection"] = Enum.EasingDirection.In
				},
			},
			["Markers"] = {}
		},
		[0.466667] = {
			["Poses"] = {
				["HumanoidRootPart"] = {
					["EasingStyle"] = Enum.EasingStyle.Linear,
					["Weight"] = 0,
					["CFrame"] = CFrame.new(0,0,0,1,0,0,0,1,0,0,0,1),
					["SubPoses"] = {
						["Torso"] = {
							["EasingStyle"] = Enum.EasingStyle.Linear,
							["Weight"] = 0,
							["CFrame"] = CFrame.new(0,0,0,1,0,0,0,1,0,0,0,1),
							["SubPoses"] = {
								["Head"] = {
									["EasingStyle"] = Enum.EasingStyle.Linear,
									["Weight"] = 1,
									["CFrame"] = CFrame.new(1.07102e-08,2.21655e-07,-3.27826e-07,0.999752,0.0174249,0.0138763,-0.0171208,0.999617,-0.0217441,-0.0142499,0.0215011,0.999667),
									["EasingDirection"] = Enum.EasingDirection.In
								},
								["Left Leg"] = {
									["EasingStyle"] = Enum.EasingStyle.Linear,
									["Weight"] = 1,
									["CFrame"] = CFrame.new(-0.475935,0.557691,-0.0161248,0.993215,0.116201,0.00470741,-0.11621,0.990093,0.0788084,0.00449687,-0.0788207,0.996879),
									["EasingDirection"] = Enum.EasingDirection.In
								},
								["Right Arm"] = {
									["EasingStyle"] = Enum.EasingStyle.Linear,
									["Weight"] = 1,
									["CFrame"] = CFrame.new(0.0885643,-0.178616,0.149246,0.971118,-0.191048,-0.142935,0.217466,0.462214,0.85969,-0.0981757,-0.865944,0.490411),
									["EasingDirection"] = Enum.EasingDirection.In
								},
								["Right Leg"] = {
									["EasingStyle"] = Enum.EasingStyle.Linear,
									["Weight"] = 1,
									["CFrame"] = CFrame.new(0.304832,0.073603,-0.0172712,0.902702,0.429278,0.0291497,-0.430053,0.902314,0.0297413,-0.0135349,-0.0393835,0.999132),
									["EasingDirection"] = Enum.EasingDirection.In
								},
								["Left Arm"] = {
									["EasingStyle"] = Enum.EasingStyle.Linear,
									["Weight"] = 1,
									["CFrame"] = CFrame.new(0.0643051,-0.358696,0.22739,0.957793,-0.266726,0.10719,0.0213442,0.437848,0.898796,-0.286665,-0.858572,0.425061),
									["EasingDirection"] = Enum.EasingDirection.In
								},
							},
							["EasingDirection"] = Enum.EasingDirection.In
						},
					},
					["EasingDirection"] = Enum.EasingDirection.In
				},
			},
			["Markers"] = {}
		},
		[0.5] = {
			["Poses"] = {
				["HumanoidRootPart"] = {
					["EasingStyle"] = Enum.EasingStyle.Linear,
					["Weight"] = 0,
					["CFrame"] = CFrame.new(0,0,0,1,0,0,0,1,0,0,0,1),
					["SubPoses"] = {
						["Torso"] = {
							["EasingStyle"] = Enum.EasingStyle.Linear,
							["Weight"] = 1,
							["CFrame"] = CFrame.new(-0.0088303,0.0786045,0.0683885,0.998704,0.0505911,0.0054179,-0.0508751,0.994461,0.0919656,-0.000735224,-0.0921221,0.995747),
							["SubPoses"] = {
								["Head"] = {
									["EasingStyle"] = Enum.EasingStyle.Linear,
									["Weight"] = 1,
									["CFrame"] = CFrame.new(1.02445e-08,2.12342e-07,-3.27826e-07,0.999752,0.0174374,0.0138607,-0.0171208,0.999597,-0.0226434,-0.0142499,0.0224004,0.999647),
									["EasingDirection"] = Enum.EasingDirection.In
								},
								["Left Leg"] = {
									["EasingStyle"] = Enum.EasingStyle.Linear,
									["Weight"] = 1,
									["CFrame"] = CFrame.new(-0.348944,0.577584,-0.0183893,0.975536,0.219787,0.00477835,-0.219468,0.972399,0.0792088,0.0127626,-0.0783198,0.996847),
									["EasingDirection"] = Enum.EasingDirection.In
								},
								["Right Arm"] = {
									["EasingStyle"] = Enum.EasingStyle.Linear,
									["Weight"] = 1,
									["CFrame"] = CFrame.new(0.0729563,-0.182208,0.150126,0.950098,-0.274,-0.149127,0.242035,0.345873,0.906527,-0.196809,-0.897383,0.39493),
									["EasingDirection"] = Enum.EasingDirection.In
								},
								["Right Leg"] = {
									["EasingStyle"] = Enum.EasingStyle.Linear,
									["Weight"] = 1,
									["CFrame"] = CFrame.new(0.634324,0.014991,-0.0180175,0.734149,0.67848,0.0262546,-0.678916,0.732958,0.0429662,0.00990826,-0.0493683,0.998731),
									["EasingDirection"] = Enum.EasingDirection.In
								},
								["Left Arm"] = {
									["EasingStyle"] = Enum.EasingStyle.Linear,
									["Weight"] = 1,
									["CFrame"] = CFrame.new(0.0734864,-0.373204,0.215733,0.968552,-0.217171,0.121428,0.00314744,0.498683,0.866779,-0.248793,-0.839138,0.483684),
									["EasingDirection"] = Enum.EasingDirection.In
								},
							},
							["EasingDirection"] = Enum.EasingDirection.In
						},
					},
					["EasingDirection"] = Enum.EasingDirection.In
				},
			},
			["Markers"] = {}
		},
		[0.533333] = {
			["Poses"] = {
				["HumanoidRootPart"] = {
					["EasingStyle"] = Enum.EasingStyle.Linear,
					["Weight"] = 0,
					["CFrame"] = CFrame.new(0,0,0,1,0,0,0,1,0,0,0,1),
					["SubPoses"] = {
						["Torso"] = {
							["EasingStyle"] = Enum.EasingStyle.Linear,
							["Weight"] = 0,
							["CFrame"] = CFrame.new(0,0,0,1,0,0,0,1,0,0,0,1),
							["SubPoses"] = {
								["Head"] = {
									["EasingStyle"] = Enum.EasingStyle.Linear,
									["Weight"] = 1,
									["CFrame"] = CFrame.new(9.31323e-09,2.08616e-07,-3.27826e-07,0.999752,0.0184382,0.0124986,-0.0171208,0.995003,-0.0983695,-0.0142499,0.0981311,0.995071),
									["EasingDirection"] = Enum.EasingDirection.In
								},
								["Left Leg"] = {
									["EasingStyle"] = Enum.EasingStyle.Linear,
									["Weight"] = 1,
									["CFrame"] = CFrame.new(-0.263301,0.476004,-0.010783,0.965875,0.258963,0.00485489,-0.258517,0.962721,0.07961,0.0159421,-0.0781484,0.996814),
									["EasingDirection"] = Enum.EasingDirection.In
								},
								["Right Arm"] = {
									["EasingStyle"] = Enum.EasingStyle.Linear,
									["Weight"] = 1,
									["CFrame"] = CFrame.new(0.0573482,-0.185799,0.151007,0.950382,-0.259226,-0.171977,0.234551,0.233952,0.943532,-0.204353,-0.937053,0.283145),
									["EasingDirection"] = Enum.EasingDirection.In
								},
								["Right Leg"] = {
									["EasingStyle"] = Enum.EasingStyle.Linear,
									["Weight"] = 1,
									["CFrame"] = CFrame.new(0.844247,0.0339778,-0.0173233,0.653071,0.756905,0.0243548,-0.756817,0.651177,0.0565365,0.0269334,-0.0553545,0.998103),
									["EasingDirection"] = Enum.EasingDirection.In
								},
								["Left Arm"] = {
									["EasingStyle"] = Enum.EasingStyle.Linear,
									["Weight"] = 1,
									["CFrame"] = CFrame.new(0.0608295,-0.389526,0.213593,0.984988,-0.100449,0.140384,-0.0711526,0.504696,0.86036,-0.157274,-0.857433,0.489973),
									["EasingDirection"] = Enum.EasingDirection.In
								},
							},
							["EasingDirection"] = Enum.EasingDirection.In
						},
					},
					["EasingDirection"] = Enum.EasingDirection.In
				},
			},
			["Markers"] = {}
		},
		[0.55] = {
			["Poses"] = {
				["HumanoidRootPart"] = {
					["EasingStyle"] = Enum.EasingStyle.Linear,
					["Weight"] = 0,
					["CFrame"] = CFrame.new(0,0,0,1,0,0,0,1,0,0,0,1),
					["SubPoses"] = {
						["Torso"] = {
							["EasingStyle"] = Enum.EasingStyle.Linear,
							["Weight"] = 1,
							["CFrame"] = CFrame.new(-0.00914817,0.0885735,0.0676044,0.998921,0.0456752,0.00829,-0.0461714,0.996079,0.0754548,-0.00481107,-0.0757563,0.997115),
							["SubPoses"] = {
								["Right Leg"] = {
									["EasingStyle"] = Enum.EasingStyle.Linear,
									["Weight"] = 1,
									["CFrame"] = CFrame.new(0.989499,0.0625293,-0.0183461,0.626658,0.778928,0.023907,-0.778533,0.624396,0.0633707,0.0344338,-0.0583242,0.997704),
									["EasingDirection"] = Enum.EasingDirection.In
								},
							},
							["EasingDirection"] = Enum.EasingDirection.In
						},
					},
					["EasingDirection"] = Enum.EasingDirection.In
				},
			},
			["Markers"] = {}
		},
		[0.566667] = {
			["Poses"] = {
				["HumanoidRootPart"] = {
					["EasingStyle"] = Enum.EasingStyle.Linear,
					["Weight"] = 0,
					["CFrame"] = CFrame.new(0,0,0,1,0,0,0,1,0,0,0,1),
					["SubPoses"] = {
						["Torso"] = {
							["EasingStyle"] = Enum.EasingStyle.Linear,
							["Weight"] = 0,
							["CFrame"] = CFrame.new(0,0,0,1,0,0,0,1,0,0,0,1),
							["SubPoses"] = {
								["Head"] = {
									["EasingStyle"] = Enum.EasingStyle.Linear,
									["Weight"] = 1,
