return {
	["Keyframes"] = {
		[0] = {
			["Poses"] = {
				["HumanoidRootPart"] = {
					["EasingStyle"] = Enum.EasingStyle.Linear,
					["Weight"] = 0,
					["CFrame"] = CFrame.new(0,0,0,1,0,0,0,1,0,0,0,1),
					["SubPoses"] = {
						["Torso"] = {
							["EasingStyle"] = Enum.EasingStyle.Linear,
							["Weight"] = 1,
							["CFrame"] = CFrame.new(-0.00298802,0.090024,0.0740727,0.997963,-0.0520311,0.0369182,0.0568868,0.987686,-0.145742,-0.0288805,0.147545,0.988634),
							["SubPoses"] = {
								["Head"] = {
									["EasingStyle"] = Enum.EasingStyle.Linear,
									["Weight"] = 1,
									["CFrame"] = CFrame.new(0,0,0,1,0,0,0,0.998216,-0.0596999,0,0.0596999,0.998216),
									["EasingDirection"] = Enum.EasingDirection.In
								},
								["Left Leg"] = {
									["EasingStyle"] = Enum.EasingStyle.Linear,
									["Weight"] = 1,
									["CFrame"] = CFrame.new(-0.298751,0.0233798,-2.98023e-08,0.996078,-0.0581857,0.0666546,0.0506435,0.99267,0.109734,-0.0725509,-0.105928,0.991724),
									["EasingDirection"] = Enum.EasingDirection.In
								},
								["Right Arm"] = {
									["EasingStyle"] = Enum.EasingStyle.Linear,
									["Weight"] = 1,
									["CFrame"] = CFrame.new(0.0450847,-0.242333,0.0417382,0.974994,-0.180339,0.129867,0.153755,0.969332,0.191715,-0.160458,-0.166953,0.972821),
									["EasingDirection"] = Enum.EasingDirection.In
								},
								["Right Leg"] = {
									["EasingStyle"] = Enum.EasingStyle.Linear,
									["Weight"] = 1,
									["CFrame"] = CFrame.new(0.294498,0.0274901,0.0294667,0.989852,-0.000430298,-0.142102,0.00647834,0.999092,0.0421015,0.141955,-0.0425948,0.988956),
									["EasingDirection"] = Enum.EasingDirection.In
								},
								["Left Arm"] = {
									["EasingStyle"] = Enum.EasingStyle.Linear,
									["Weight"] = 1,
									["CFrame"] = CFrame.new(-0.0450847,-0.242333,0.0417382,0.974994,0.180339,-0.129867,-0.153755,0.969332,0.191715,0.160458,-0.166953,0.972821),
									["EasingDirection"] = Enum.EasingDirection.In
								},
							},
							["EasingDirection"] = Enum.EasingDirection.In
						},
					},
					["EasingDirection"] = Enum.EasingDirection.In
				},
			},
			["Markers"] = {}
		},
		[0.0333333] = {
			["Poses"] = {
				["HumanoidRootPart"] = {
					["EasingStyle"] = Enum.EasingStyle.Linear,
					["Weight"] = 0,
					["CFrame"] = CFrame.new(0,0,0,1,0,0,0,1,0,0,0,1),
					["SubPoses"] = {
						["Torso"] = {
							["EasingStyle"] = Enum.EasingStyle.Linear,
							["Weight"] = 1,
							["CFrame"] = CFrame.new(-0.00243962,0.110163,0.132689,0.998909,-0.0339833,0.0320354,0.0404895,0.972015,-0.231401,-0.0232751,0.232446,0.972331),
							["SubPoses"] = {
								["Head"] = {
									["EasingStyle"] = Enum.EasingStyle.Linear,
									["Weight"] = 1,
									["CFrame"] = CFrame.new(-1.86265e-09,7.45058e-09,0,0.998979,0.0300246,-0.0337575,-0.0372554,0.970152,-0.239618,0.0255555,0.240631,0.97028),
									["EasingDirection"] = Enum.EasingDirection.In
								},
								["Left Leg"] = {
									["EasingStyle"] = Enum.EasingStyle.Linear,
									["Weight"] = 1,
									["CFrame"] = CFrame.new(-0.260426,-0.269348,0.0166459,0.998552,0.0503455,-0.0189354,-0.0480903,0.99331,0.104991,0.0240946,-0.103929,0.994293),
									["EasingDirection"] = Enum.EasingDirection.In
								},
								["Right Arm"] = {
									["EasingStyle"] = Enum.EasingStyle.Linear,
									["Weight"] = 1,
									["CFrame"] = CFrame.new(0.119716,-0.272405,0.0346991,0.978379,-0.188739,0.0845652,0.17887,0.977462,0.112135,-0.103823,-0.0945845,0.990088),
									["EasingDirection"] = Enum.EasingDirection.In
								},
								["Right Leg"] = {
									["EasingStyle"] = Enum.EasingStyle.Linear,
									["Weight"] = 1,
									["CFrame"] = CFrame.new(0.22997,-0.355139,0.0119233,0.978422,-0.183063,-0.0958012,0.186444,0.98208,0.0275431,0.0890423,-0.0448104,0.995019),
									["EasingDirection"] = Enum.EasingDirection.In
								},
								["Left Arm"] = {
									["EasingStyle"] = Enum.EasingStyle.Linear,
									["Weight"] = 1,
									["CFrame"] = CFrame.new(-0.119716,-0.272405,0.0346991,0.978379,0.188739,-0.0845652,-0.17887,0.977462,0.112135,0.103823,-0.0945845,0.990088),
									["EasingDirection"] = Enum.EasingDirection.In
								},
							},
							["EasingDirection"] = Enum.EasingDirection.In
						},
					},
					["EasingDirection"] = Enum.EasingDirection.In
				},
			},
			["Markers"] = {}
		},
		[0.0666667] = {
			["Poses"] = {
				["HumanoidRootPart"] = {
					["EasingStyle"] = Enum.EasingStyle.Linear,
					["Weight"] = 0,
					["CFrame"] = CFrame.new(0,0,0,1,0,0,0,1,0,0,0,1),
					["SubPoses"] = {
						["Torso"] = {
							["EasingStyle"] = Enum.EasingStyle.Linear,
							["Weight"] = 1,
							["CFrame"] = CFrame.new(-0.00164832,0.134006,0.167775,0.99967,-0.00966027,0.0237917,0.0161671,0.956623,-0.290879,-0.0199497,0.291168,0.956464),
							["SubPoses"] = {
								["Head"] = {
									["EasingStyle"] = Enum.EasingStyle.Linear,
									["Weight"] = 1,
									["CFrame"] = CFrame.new(1.86265e-09,-1.49012e-08,-5.96046e-08,0.998979,0.0259444,-0.0369856,-0.0372554,0.93617,-0.349567,0.0255555,0.350588,0.936181),
									["EasingDirection"] = Enum.EasingDirection.In
								},
								["Left Leg"] = {
									["EasingStyle"] = Enum.EasingStyle.Linear,
									["Weight"] = 1,
									["CFrame"] = CFrame.new(-0.346622,-0.535295,0.0275845,0.984455,0.170764,-0.0410821,-0.168038,0.983793,0.0625778,0.0511023,-0.0547017,0.997194),
									["EasingDirection"] = Enum.EasingDirection.In
								},
								["Right Arm"] = {
									["EasingStyle"] = Enum.EasingStyle.Linear,
									["Weight"] = 1,
									["CFrame"] = CFrame.new(0.179271,-0.288627,0.0314495,0.972302,-0.228835,0.0475673,0.223105,0.969348,0.102897,-0.0696555,-0.0894341,0.993554),
									["EasingDirection"] = Enum.EasingDirection.In
								},
								["Right Leg"] = {
									["EasingStyle"] = Enum.EasingStyle.Linear,
									["Weight"] = 1,
									["CFrame"] = CFrame.new(0.301497,-0.584335,0.00839564,0.959245,-0.269281,-0.08566,0.269523,0.962953,-0.00894834,0.0848962,-0.0145037,0.996284),
									["EasingDirection"] = Enum.EasingDirection.In
								},
								["Left Arm"] = {
									["EasingStyle"] = Enum.EasingStyle.Linear,
									["Weight"] = 1,
									["CFrame"] = CFrame.new(-0.179271,-0.288627,0.0314495,0.972302,0.228835,-0.0475673,-0.223105,0.969348,0.102897,0.0696555,-0.0894341,0.993554),
									["EasingDirection"] = Enum.EasingDirection.In
								},
							},
							["EasingDirection"] = Enum.EasingDirection.In
						},
					},
					["EasingDirection"] = Enum.EasingDirection.In
				},
			},
			["Markers"] = {}
		},
		[0.1] = {
			["Poses"] = {
				["HumanoidRootPart"] = {
					["EasingStyle"] = Enum.EasingStyle.Linear,
					["Weight"] = 0,
					["CFrame"] = CFrame.new(0,0,0,1,0,0,0,1,0,0,0,1),
					["SubPoses"] = {
						["Torso"] = {
							["EasingStyle"] = Enum.EasingStyle.Linear,
							["Weight"] = 1,
							["CFrame"] = CFrame.new(-0.00114338,0.122271,0.175648,0.999869,0.00810405,0.0139841,-0.00372189,0.957407,-0.288717,-0.0157283,0.288628,0.957312),
							["SubPoses"] = {
								["Head"] = {
									["EasingStyle"] = Enum.EasingStyle.Linear,
									["Weight"] = 1,
									["CFrame"] = CFrame.new(-1.86265e-09,0,-1.19209e-07,0.998979,0.023009,-0.0388798,-0.0372554,0.90636,-0.420861,0.0255555,0.42188,0.906291),
									["EasingDirection"] = Enum.EasingDirection.In
								},
								["Left Leg"] = {
									["EasingStyle"] = Enum.EasingStyle.Linear,
									["Weight"] = 1,
									["CFrame"] = CFrame.new(-0.378889,-0.382649,0.0193516,0.990321,0.131301,-0.0449909,-0.129543,0.990768,0.03998,0.0498249,-0.0337647,0.998187),
									["EasingDirection"] = Enum.EasingDirection.In
								},
								["Right Arm"] = {
									["EasingStyle"] = Enum.EasingStyle.Linear,
									["Weight"] = 1,
									["CFrame"] = CFrame.new(0.13506,-0.250653,0.0296334,0.948729,-0.315815,0.0131756,0.31274,0.943913,0.105937,-0.0458932,-0.0963854,0.994285),
									["EasingDirection"] = Enum.EasingDirection.In
								},
								["Right Leg"] = {
									["EasingStyle"] = Enum.EasingStyle.Linear,
									["Weight"] = 1,
									["CFrame"] = CFrame.new(0.300846,-0.472962,0.0131011,0.978233,-0.189626,-0.0842776,0.189131,0.981854,-0.0138876,0.0853818,-0.00235422,0.996345),
									["EasingDirection"] = Enum.EasingDirection.In
								},
								["Left Arm"] = {
									["EasingStyle"] = Enum.EasingStyle.Linear,
									["Weight"] = 1,
									["CFrame"] = CFrame.new(-0.13506,-0.250653,0.0296334,0.948729,0.315815,-0.0131756,-0.31274,0.943913,0.105937,0.0458932,-0.0963854,0.994285),
									["EasingDirection"] = Enum.EasingDirection.In
								},
							},
							["EasingDirection"] = Enum.EasingDirection.In
						},
					},
					["EasingDirection"] = Enum.EasingDirection.In
				},
			},
			["Markers"] = {}
		},
		[0.133333] = {
			["Poses"] = {
				["HumanoidRootPart"] = {
					["EasingStyle"] = Enum.EasingStyle.Linear,
					["Weight"] = 0,
					["CFrame"] = CFrame.new(0,0,0,1,0,0,0,1,0,0,0,1),
					["SubPoses"] = {
						["Torso"] = {
							["EasingStyle"] = Enum.EasingStyle.Linear,
							["Weight"] = 1,
							["CFrame"] = CFrame.new(-0.00159526,0.100971,0.18244,0.999602,0.0276889,0.00538506,-0.0252298,0.963005,-0.268298,-0.0126147,0.268055,0.963321),
							["SubPoses"] = {
								["Head"] = {
									["EasingStyle"] = Enum.EasingStyle.Linear,
									["Weight"] = 1,
									["CFrame"] = CFrame.new(0,2.98023e-08,-1.78814e-07,0.998979,0.0215691,-0.0396966,-0.0372554,0.890333,-0.453784,0.0255555,0.454799,0.890227),
									["EasingDirection"] = Enum.EasingDirection.In
								},
								["Left Leg"] = {
									["EasingStyle"] = Enum.EasingStyle.Linear,
									["Weight"] = 1,
									["CFrame"] = CFrame.new(-0.34993,-0.0103543,0.00285986,0.995625,0.056483,0.0744362,-0.0599239,0.997196,0.0448311,-0.0716953,-0.0490955,0.996218),
									["EasingDirection"] = Enum.EasingDirection.In
								},
								["Right Arm"] = {
									["EasingStyle"] = Enum.EasingStyle.Linear,
									["Weight"] = 1,
									["CFrame"] = CFrame.new(0.135059,-0.250652,0.0296332,0.877046,-0.477,-0.0571042,0.480181,0.866782,0.134588,-0.0147017,-0.14546,0.989255),
									["EasingDirection"] = Enum.EasingDirection.In
								},
								["Right Leg"] = {
									["EasingStyle"] = Enum.EasingStyle.Linear,
									["Weight"] = 1,
									["CFrame"] = CFrame.new(0.342039,-0.0693729,0.0120117,0.995264,-0.0912363,-0.0335604,0.091835,0.995633,0.016747,0.031886,-0.0197497,0.999296),
									["EasingDirection"] = Enum.EasingDirection.In
								},
								["Left Arm"] = {
									["EasingStyle"] = Enum.EasingStyle.Linear,
									["Weight"] = 1,
									["CFrame"] = CFrame.new(-0.135059,-0.250652,0.0296332,0.877046,0.477,0.0571042,-0.480181,0.866782,0.134588,0.0147017,-0.14546,0.989255),
									["EasingDirection"] = Enum.EasingDirection.In
								},
							},
							["EasingDirection"] = Enum.EasingDirection.In
						},
					},
					["EasingDirection"] = Enum.EasingDirection.In
				},
			},
			["Markers"] = {}
		},
		[0.166667] = {
			["Poses"] = {
				["HumanoidRootPart"] = {
					["EasingStyle"] = Enum.EasingStyle.Linear,
					["Weight"] = 0,
					["CFrame"] = CFrame.new(0,0,0,1,0,0,0,1,0,0,0,1),
					["SubPoses"] = {
						["Torso"] = {
							["EasingStyle"] = Enum.EasingStyle.Linear,
							["Weight"] = 1,
							["CFrame"] = CFrame.new(-0.00261277,0.081334,0.178787,0.998705,0.0508026,-0.00287196,-0.0501894,0.974216,-0.219965,-0.00837687,0.219824,0.975504),
							["SubPoses"] = {
								["Head"] = {
									["EasingStyle"] = Enum.EasingStyle.Linear,
									["Weight"] = 1,
									["CFrame"] = CFrame.new(1.86265e-09,4.47035e-08,-1.78814e-07,0.998979,0.0205177,-0.0402501,-0.0372554,0.878091,-0.477042,0.0255555,0.478054,0.877958),
									["EasingDirection"] = Enum.EasingDirection.In
								},
								["Left Leg"] = {
									["EasingStyle"] = Enum.EasingStyle.Linear,
									["Weight"] = 1,
									["CFrame"] = CFrame.new(-0.371121,0.356814,-0.00986132,0.996954,0.0101901,0.0773264,-0.0177443,0.995063,0.0976429,-0.0759497,-0.0987176,0.992213),
									["EasingDirection"] = Enum.EasingDirection.In
								},
								["Right Arm"] = {
									["EasingStyle"] = Enum.EasingStyle.Linear,
									["Weight"] = 1,
									["CFrame"] = CFrame.new(0.190655,-0.157059,0.075993,0.878336,-0.468849,-0.0933064,0.477595,0.852186,0.213732,-0.0206937,-0.232292,0.972426),
									["EasingDirection"] = Enum.EasingDirection.In
								},
								["Right Leg"] = {
									["EasingStyle"] = Enum.EasingStyle.Linear,
									["Weight"] = 1,
									["CFrame"] = CFrame.new(0.428996,0.300539,0.00929916,0.999901,-0.0136982,0.0031605,0.0136168,0.999608,0.0244666,-0.00349439,-0.0244211,0.999696),
									["EasingDirection"] = Enum.EasingDirection.In
								},
								["Left Arm"] = {
									["EasingStyle"] = Enum.EasingStyle.Linear,
									["Weight"] = 1,
									["CFrame"] = CFrame.new(-0.190655,-0.157059,0.075993,0.878336,0.468849,0.0933064,-0.477595,0.852186,0.213732,0.0206937,-0.232292,0.972426),
									["EasingDirection"] = Enum.EasingDirection.In
								},
							},
							["EasingDirection"] = Enum.EasingDirection.In
						},
					},
					["EasingDirection"] = Enum.EasingDirection.In
				},
			},
			["Markers"] = {}
		},
		[0.2] = {
			["Poses"] = {
				["HumanoidRootPart"] = {
					["EasingStyle"] = Enum.EasingStyle.Linear,
					["Weight"] = 0,
					["CFrame"] = CFrame.new(0,0,0,1,0,0,0,1,0,0,0,1),
					["SubPoses"] = {
						["Torso"] = {
							["EasingStyle"] = Enum.EasingStyle.Linear,
							["Weight"] = 1,
							["CFrame"] = CFrame.new(-0.00387128,0.0615912,0.175848,0.998011,0.062839,-0.00499983,-0.0627927,0.984019,-0.166621,-0.00555038,0.166604,0.986008),
							["SubPoses"] = {
								["Head"] = {
									["EasingStyle"] = Enum.EasingStyle.Linear,
									["Weight"] = 1,
									["CFrame"] = CFrame.new(1.86265e-09,1.04308e-07,-2.08616e-07,0.998979,0.0216202,-0.0396688,-0.0372554,0.890916,-0.452638,0.0255555,0.453653,0.890812),
									["EasingDirection"] = Enum.EasingDirection.In
								},
								["Left Leg"] = {
									["EasingStyle"] = Enum.EasingStyle.Linear,
									["Weight"] = 1,
									["CFrame"] = CFrame.new(-0.423044,0.463202,-0.0161091,0.991948,0.0303186,0.122969,-0.0477406,0.988814,0.141309,-0.11731,-0.146041,0.982299),
									["EasingDirection"] = Enum.EasingDirection.In
								},
								["Right Arm"] = {
									["EasingStyle"] = Enum.EasingStyle.Linear,
									["Weight"] = 1,
									["CFrame"] = CFrame.new(0.232603,-0.130686,0.0693023,0.91242,-0.398436,-0.0934772,0.403848,0.839561,0.363379,-0.0663031,-0.369305,0.92694),
									["EasingDirection"] = Enum.EasingDirection.In
								},
								["Right Leg"] = {
									["EasingStyle"] = Enum.EasingStyle.Linear,
									["Weight"] = 1,
									["CFrame"] = CFrame.new(0.521772,0.533975,-0.0186597,0.999776,0.016125,-0.0137144,-0.015424,0.998641,0.0497754,0.0144984,-0.0495527,0.998666),
									["EasingDirection"] = Enum.EasingDirection.In
								},
								["Left Arm"] = {
									["EasingStyle"] = Enum.EasingStyle.Linear,
									["Weight"] = 1,
									["CFrame"] = CFrame.new(-0.232603,-0.130686,0.0693023,0.91242,0.398436,0.0934772,-0.403848,0.839561,0.363379,0.0663031,-0.369305,0.92694),
									["EasingDirection"] = Enum.EasingDirection.In
								},
							},
							["EasingDirection"] = Enum.EasingDirection.In
						},
					},
					["EasingDirection"] = Enum.EasingDirection.In
				},
			},
			["Markers"] = {}
		},
		[0.233333] = {
			["Poses"] = {
				["HumanoidRootPart"] = {
					["EasingStyle"] = Enum.EasingStyle.Linear,
					["Weight"] = 0,
					["CFrame"] = CFrame.new(0,0,0,1,0,0,0,1,0,0,0,1),
					["SubPoses"] = {
						["Torso"] = {
							["EasingStyle"] = Enum.EasingStyle.Linear,
							["Weight"] = 1,
							["CFrame"] = CFrame.new(-0.00477972,0.0417192,0.17378,0.998961,0.0454474,-0.00325887,-0.0455307,0.992933,-0.109591,-0.00174477,0.109625,0.993971),
							["SubPoses"] = {
								["Head"] = {
									["EasingStyle"] = Enum.EasingStyle.Linear,
									["Weight"] = 1,
									["CFrame"] = CFrame.new(3.72529e-09,1.04308e-07,-2.08616e-07,0.998979,0.0248032,-0.0377604,-0.0372554,0.925062,-0.377985,0.0255555,0.379006,0.925041),
									["EasingDirection"] = Enum.EasingDirection.In
								},
								["Left Leg"] = {
									["EasingStyle"] = Enum.EasingStyle.Linear,
									["Weight"] = 1,
									["CFrame"] = CFrame.new(-0.460396,0.544484,-0.017999,0.983226,0.0964676,0.154795,-0.121028,0.979992,0.158016,-0.136455,-0.1741,0.975228),
									["EasingDirection"] = Enum.EasingDirection.In
								},
								["Right Arm"] = {
									["EasingStyle"] = Enum.EasingStyle.Linear,
									["Weight"] = 1,
									["CFrame"] = CFrame.new(0.127673,-0.219705,0.135369,0.923856,-0.382739,0.000887804,0.330663,0.79932,0.501747,-0.192748,-0.463248,0.865014),
									["EasingDirection"] = Enum.EasingDirection.In
								},
								["Right Leg"] = {
									["EasingStyle"] = Enum.EasingStyle.Linear,
									["Weight"] = 1,
									["CFrame"] = CFrame.new(0.568172,0.803316,-0.0346737,0.997315,-0.0155153,-0.0715737,0.019383,0.998371,0.0536641,0.0706245,-0.0549073,0.995991),
									["EasingDirection"] = Enum.EasingDirection.In
								},
								["Left Arm"] = {
									["EasingStyle"] = Enum.EasingStyle.Linear,
									["Weight"] = 1,
									["CFrame"] = CFrame.new(-0.127673,-0.219705,0.135369,0.923856,0.382739,-0.000887804,-0.330663,0.79932,0.501747,0.192748,-0.463248,0.865014),
									["EasingDirection"] = Enum.EasingDirection.In
								},
							},
							["EasingDirection"] = Enum.EasingDirection.In
						},
					},
					["EasingDirection"] = Enum.EasingDirection.In
				},
			},
			["Markers"] = {}
		},
		[0.266667] = {
			["Poses"] = {
				["HumanoidRootPart"] = {
					["EasingStyle"] = Enum.EasingStyle.Linear,
					["Weight"] = 0,
					["CFrame"] = CFrame.new(0,0,0,1,0,0,0,1,0,0,0,1),
					["SubPoses"] = {
						["Torso"] = {
							["EasingStyle"] = Enum.EasingStyle.Linear,
							["Weight"] = 1,
							["CFrame"] = CFrame.new(-0.00477973,0.0417191,0.173779,0.999801,0.0195259,-0.00396243,-0.0197211,0.99816,-0.0573303,0.0028357,0.057397,0.998347),
							["SubPoses"] = {
								["Head"] = {
									["EasingStyle"] = Enum.EasingStyle.Linear,
									["Weight"] = 1,
									["CFrame"] = CFrame.new(1.86265e-09,1.04308e-07,-2.08616e-07,0.998979,0.0292516,-0.0344295,-0.0372554,0.964471,-0.261549,0.0255555,0.262565,0.964576),
									["EasingDirection"] = Enum.EasingDirection.In
								},
								["Left Leg"] = {
									["EasingStyle"] = Enum.EasingStyle.Linear,
									["Weight"] = 1,
									["CFrame"] = CFrame.new(-0.595414,0.62684,-0.0229075,0.995717,0.0397086,0.083501,-0.0513451,0.988507,0.14219,-0.0768952,-0.145868,0.986311),
									["EasingDirection"] = Enum.EasingDirection.In
								},
								["Right Arm"] = {
									["EasingStyle"] = Enum.EasingStyle.Linear,
									["Weight"] = 1,
									["CFrame"] = CFrame.new(0.0944132,-0.275375,0.221941,0.943291,-0.331912,-0.0060409,0.266653,0.746735,0.60933,-0.197733,-0.576386,0.792894),
									["EasingDirection"] = Enum.EasingDirection.In
								},
								["Right Leg"] = {
									["EasingStyle"] = Enum.EasingStyle.Linear,
									["Weight"] = 1,
									["CFrame"] = CFrame.new(0.589664,0.882925,-0.0212259,0.998141,-0.0036574,-0.0608431,0.00666657,0.998761,0.0493294,0.0605873,-0.0496433,0.996928),
									["EasingDirection"] = Enum.EasingDirection.In
								},
								["Left Arm"] = {
									["EasingStyle"] = Enum.EasingStyle.Linear,
									["Weight"] = 1,
									["CFrame"] = CFrame.new(-0.0944132,-0.275375,0.221941,0.943291,0.331912,0.0060409,-0.266653,0.746735,0.60933,0.197733,-0.576386,0.792894),
									["EasingDirection"] = Enum.EasingDirection.In
								},
							},
							["EasingDirection"] = Enum.EasingDirection.In
						},
					},
					["EasingDirection"] = Enum.EasingDirection.In
				},
			},
			["Markers"] = {}
		},
		[0.3] = {
			["Poses"] = {
				["HumanoidRootPart"] = {
					["EasingStyle"] = Enum.EasingStyle.Linear,
					["Weight"] = 0,
					["CFrame"] = CFrame.new(0,0,0,1,0,0,0,1,0,0,0,1),
					["SubPoses"] = {
						["Torso"] = {
							["EasingStyle"] = Enum.EasingStyle.Linear,
							["Weight"] = 1,
							["CFrame"] = CFrame.new(-0.00593907,0.0817003,0.174259,0.999588,-0.0284835,-0.00346558,0.0284189,0.999444,-0.0174546,0.00396081,0.0173489,0.999841),
							["SubPoses"] = {
								["Head"] = {
									["EasingStyle"] = Enum.EasingStyle.Linear,
									["Weight"] = 1,
									["CFrame"] = CFrame.new(6.51926e-09,1.41561e-07,-3.8743e-07,0.999257,0.0336841,-0.0187333,-0.0358047,0.991173,-0.127647,0.0142682,0.128223,0.991643),
									["EasingDirection"] = Enum.EasingDirection.In
								},
								["Left Leg"] = {
									["EasingStyle"] = Enum.EasingStyle.Linear,
									["Weight"] = 1,
									["CFrame"] = CFrame.new(-0.636004,0.685908,-0.0263988,0.999365,0.0353148,0.0047747,-0.0356212,0.993815,0.105177,-0.00103086,-0.105281,0.994442),
									["EasingDirection"] = Enum.EasingDirection.In
								},
								["Right Arm"] = {
									["EasingStyle"] = Enum.EasingStyle.Linear,
									["Weight"] = 1,
									["CFrame"] = CFrame.new(0.0944132,-0.275375,0.221941,0.94506,-0.291367,-0.14821,0.304987,0.622704,0.720571,-0.11766,-0.726185,0.677356),
									["EasingDirection"] = Enum.EasingDirection.In
								},
								["Right Leg"] = {
									["EasingStyle"] = Enum.EasingStyle.Linear,
									["Weight"] = 1,
									["CFrame"] = CFrame.new(0.597139,0.856134,-0.0140995,0.998549,0.0229823,-0.0487089,-0.0201864,0.998163,0.0571361,0.0499325,-0.0560699,0.997177),
									["EasingDirection"] = Enum.EasingDirection.In
								},
								["Left Arm"] = {
									["EasingStyle"] = Enum.EasingStyle.Linear,
									["Weight"] = 1,
									["CFrame"] = CFrame.new(-0.0944132,-0.275375,0.221941,0.94506,0.291367,0.14821,-0.304987,0.622704,0.720571,0.11766,-0.726185,0.677356),
									["EasingDirection"] = Enum.EasingDirection.In
								},
							},
							["EasingDirection"] = Enum.EasingDirection.In
						},
					},
					["EasingDirection"] = Enum.EasingDirection.In
				},
			},
			["Markers"] = {}
		},
		[0.333333] = {
			["Poses"] = {
				["HumanoidRootPart"] = {
					["EasingStyle"] = Enum.EasingStyle.Linear,
					["Weight"] = 0,
					["CFrame"] = CFrame.new(0,0,0,1,0,0,0,1,0,0,0,1),
					["SubPoses"] = {
						["Torso"] = {
							["EasingStyle"] = Enum.EasingStyle.Linear,
							["Weight"] = 1,
							["CFrame"] = CFrame.new(-0.00736405,0.121668,0.173499,0.999364,-0.0356253,0.00131969,0.0355937,0.999184,0.0190917,-0.00199876,-0.0190326,0.999817),
							["SubPoses"] = {
								["Head"] = {
									["EasingStyle"] = Enum.EasingStyle.Linear,
									["Weight"] = 1,
									["CFrame"] = CFrame.new(1.11759e-08,1.45286e-07,-2.38419e-07,0.999752,0.017985,0.0131424,-0.0171208,0.997857,-0.0631466,-0.0142499,0.062906,0.997918),
									["EasingDirection"] = Enum.EasingDirection.In
								},
								["Left Leg"] = {
									["EasingStyle"] = Enum.EasingStyle.Linear,
									["Weight"] = 1,
									["CFrame"] = CFrame.new(-0.606016,0.695873,-0.0275967,0.999988,-0.00106417,0.00480144,0.000669632,0.996678,0.0814378,-0.00487216,-0.0814335,0.996667),
									["EasingDirection"] = Enum.EasingDirection.In
								},
								["Right Arm"] = {
									["EasingStyle"] = Enum.EasingStyle.Linear,
									["Weight"] = 1,
									["CFrame"] = CFrame.new(-0.0448835,-0.210311,0.255116,0.983147,-0.135545,-0.122677,0.175704,0.515198,0.838868,-0.0505016,-0.846285,0.530331),
									["EasingDirection"] = Enum.EasingDirection.In
								},
								["Right Leg"] = {
									["EasingStyle"] = Enum.EasingStyle.Linear,
									["Weight"] = 1,
									["CFrame"] = CFrame.new(0.613419,0.785493,-0.033185,0.998345,0.0572623,-0.00540833,-0.0567362,0.995869,0.0708923,0.00944545,-0.0704681,0.99747),
									["EasingDirection"] = Enum.EasingDirection.In
								},
								["Left Arm"] = {
									["EasingStyle"] = Enum.EasingStyle.Linear,
									["Weight"] = 1,
									["CFrame"] = CFrame.new(0.0448835,-0.210311,0.255116,0.983147,0.135545,0.122677,-0.175704,0.515198,0.838868,0.0505016,-0.846285,0.530331),
									["EasingDirection"] = Enum.EasingDirection.In
								},
							},
							["EasingDirection"] = Enum.EasingDirection.In
						},
					},
					["EasingDirection"] = Enum.EasingDirection.In
				},
			},
			["Markers"] = {}
		},
		[0.366667] = {
			["Poses"] = {
				["HumanoidRootPart"] = {
					["EasingStyle"] = Enum.EasingStyle.Linear,
					["Weight"] = 0,
					["CFrame"] = CFrame.new(0,0,0,1,0,0,0,1,0,0,0,1),
					["SubPoses"] = {
						["Torso"] = {
							["EasingStyle"] = Enum.EasingStyle.Linear,
							["Weight"] = 1,
							["CFrame"] = CFrame.new(-0.0079199,0.141639,0.172577,0.999612,-0.0277918,-0.00166395,0.0278389,0.998552,0.0460233,0.000382471,-0.0460518,0.998939),
							["SubPoses"] = {
								["Head"] = {
									["EasingStyle"] = Enum.EasingStyle.Linear,
									["Weight"] = 1,
									["CFrame"] = CFrame.new(5.58794e-09,9.68575e-08,-2.08616e-07,0.999752,0.0183461,0.0126334,-0.0171208,0.995697,-0.0910768,-0.0142499,0.0908379,0.995764),
									["EasingDirection"] = Enum.EasingDirection.In
								},
								["Left Leg"] = {
									["EasingStyle"] = Enum.EasingStyle.Linear,
									["Weight"] = 1,
									["CFrame"] = CFrame.new(-0.571689,0.638417,-0.0230674,0.997286,-0.0734798,0.00480144,0.0728466,0.994013,0.0814378,-0.0107567,-0.0808669,0.996667),
									["EasingDirection"] = Enum.EasingDirection.In
								},
								["Right Arm"] = {
									["EasingStyle"] = Enum.EasingStyle.Linear,
									["Weight"] = 1,
									["CFrame"] = CFrame.new(-0.0344289,-0.273324,0.203035,0.995798,-0.0115664,-0.0908458,0.0872021,0.422776,0.902029,0.0279742,-0.90616,0.422008),
									["EasingDirection"] = Enum.EasingDirection.In
								},
								["Right Leg"] = {
									["EasingStyle"] = Enum.EasingStyle.Linear,
									["Weight"] = 1,
									["CFrame"] = CFrame.new(0.574377,0.668199,-0.0254887,0.99597,0.0895674,-0.00480144,-0.0888815,0.992707,0.0814378,0.0120606,-0.0806827,0.996667),
									["EasingDirection"] = Enum.EasingDirection.In
								},
								["Left Arm"] = {
									["EasingStyle"] = Enum.EasingStyle.Linear,
									["Weight"] = 1,
									["CFrame"] = CFrame.new(0.0344289,-0.273324,0.203035,0.995798,0.0115664,0.0908458,-0.0872021,0.422776,0.902029,-0.0279742,-0.90616,0.422008),
									["EasingDirection"] = Enum.EasingDirection.In
								},
							},
							["EasingDirection"] = Enum.EasingDirection.In
						},
					},
					["EasingDirection"] = Enum.EasingDirection.In
				},
			},
			["Markers"] = {}
		},
		[0.4] = {
			["Poses"] = {
				["HumanoidRootPart"] = {
					["EasingStyle"] = Enum.EasingStyle.Linear,
					["Weight"] = 0,
					["CFrame"] = CFrame.new(0,0,0,1,0,0,0,1,0,0,0,1),
					["SubPoses"] = {
						["Torso"] = {
							["EasingStyle"] = Enum.EasingStyle.Linear,
							["Weight"] = 1,
							["CFrame"] = CFrame.new(-0.00845053,0.150903,0.161493,0.999951,-0.00989324,-0.000261335,0.00988804,0.997625,0.0681706,-0.000413704,-0.0681699,0.997674),
							["SubPoses"] = {
								["Head"] = {
									["EasingStyle"] = Enum.EasingStyle.Linear,
									["Weight"] = 1,
									["CFrame"] = CFrame.new(4.19095e-09,5.96046e-08,-5.96046e-08,0.999752,0.0192302,0.0112419,-0.0171208,0.986234,-0.164467,-0.0142499,0.164234,0.986318),
									["EasingDirection"] = Enum.EasingDirection.In
								},
								["Left Leg"] = {
									["EasingStyle"] = Enum.EasingStyle.Linear,
									["Weight"] = 1,
									["CFrame"] = CFrame.new(-0.534613,0.52292,-0.0138087,0.989561,-0.144038,0.00480144,0.143174,0.986341,0.0814378,-0.016466,-0.0799001,0.996667),
									["EasingDirection"] = Enum.EasingDirection.In
								},
								["Right Arm"] = {
									["EasingStyle"] = Enum.EasingStyle.Linear,
									["Weight"] = 1,
									["CFrame"] = CFrame.new(-0.0308877,-0.224512,0.161409,0.993062,0.0788735,-0.0872093,0.0444999,0.434413,0.899614,0.108841,-0.897253,0.42789),
									["EasingDirection"] = Enum.EasingDirection.In
								},
								["Right Leg"] = {
									["EasingStyle"] = Enum.EasingStyle.Linear,
									["Weight"] = 1,
									["CFrame"] = CFrame.new(0.543259,0.582032,-0.0193772,0.989561,0.144088,-0.00293632,-0.143174,0.985204,0.0942002,0.016466,-0.0927963,0.995549),
									["EasingDirection"] = Enum.EasingDirection.In
								},
								["Left Arm"] = {
									["EasingStyle"] = Enum.EasingStyle.Linear,
									["Weight"] = 1,
									["CFrame"] = CFrame.new(0.0308877,-0.224512,0.161409,0.993062,-0.0788735,0.0872093,-0.0444999,0.434413,0.899614,-0.108841,-0.897253,0.42789),
									["EasingDirection"] = Enum.EasingDirection.In
								},
							},
							["EasingDirection"] = Enum.EasingDirection.In
						},
					},
					["EasingDirection"] = Enum.EasingDirection.In
				},
			},
			["Markers"] = {}
		},
		[0.433333] = {
			["Poses"] = {
				["HumanoidRootPart"] = {
					["EasingStyle"] = Enum.EasingStyle.Linear,
					["Weight"] = 0,
					["CFrame"] = CFrame.new(0,0,0,1,0,0,0,1,0,0,0,1),
					["SubPoses"] = {
						["Torso"] = {
							["EasingStyle"] = Enum.EasingStyle.Linear,
							["Weight"] = 1,
							["CFrame"] = CFrame.new(-0.00830275,0.158209,0.130727,0.999843,0.0177005,0.000973357,-0.0177172,0.995925,0.0884273,0.000595832,-0.0884307,0.996082),
							["SubPoses"] = {
								["Head"] = {
									["EasingStyle"] = Enum.EasingStyle.Linear,
									["Weight"] = 1,
									["CFrame"] = CFrame.new(7.91624e-09,1.78814e-07,-2.38419e-07,0.999752,0.0201372,0.00952237,-0.0171208,0.968137,-0.249833,-0.0142499,0.249609,0.968242),
									["EasingDirection"] = Enum.EasingDirection.In
								},
								["Left Leg"] = {
									["EasingStyle"] = Enum.EasingStyle.Linear,
									["Weight"] = 1,
									["CFrame"] = CFrame.new(-0.51141,0.415743,-0.00516307,0.977489,-0.210934,0.00480144,0.209853,0.974335,0.0814378,-0.0218562,-0.0785968,0.996667),
									["EasingDirection"] = Enum.EasingDirection.In
								},
								["Right Arm"] = {
									["EasingStyle"] = Enum.EasingStyle.Linear,
									["Weight"] = 1,
									["CFrame"] = CFrame.new(-0.0128878,-0.201961,0.15497,0.990112,0.109536,-0.0876358,0.0273275,0.462146,0.886383,0.137591,-0.880013,0.454583),
									["EasingDirection"] = Enum.EasingDirection.In
								},
								["Right Leg"] = {
									["EasingStyle"] = Enum.EasingStyle.Linear,
									["Weight"] = 1,
									["CFrame"] = CFrame.new(0.492426,0.328053,0.00191057,0.977489,0.210978,0.00206386,-0.209853,0.97117,0.113095,0.0218562,-0.110982,0.993582),
									["EasingDirection"] = Enum.EasingDirection.In
								},
								["Left Arm"] = {
									["EasingStyle"] = Enum.EasingStyle.Linear,
									["Weight"] = 1,
									["CFrame"] = CFrame.new(0.0128878,-0.201961,0.15497,0.990112,-0.109536,0.0876358,-0.0273275,0.462146,0.886383,-0.137591,-0.880013,0.454583),
									["EasingDirection"] = Enum.EasingDirection.In
								},
							},
							["EasingDirection"] = Enum.EasingDirection.In
						},
					},
					["EasingDirection"] = Enum.EasingDirection.In
				},
			},
			["Markers"] = {}
		},
	},
	["Loop"] = false,
	["Priority"] = Enum.AnimationPriority.Action
}