return {
	["Keyframes"] = {
		[0] = {
			["Poses"] = {
				["HumanoidRootPart"] = {
					["EasingStyle"] = Enum.EasingStyle.Linear,
					["Weight"] = 0,
					["CFrame"] = CFrame.new(0,0,0,1,0,0,0,1,0,0,0,1),
					["SubPoses"] = {
						["Torso"] = {
							["EasingStyle"] = Enum.EasingStyle.Linear,
							["Weight"] = 1,
							["CFrame"] = CFrame.new(2.98023e-08,-0.422141,-0.165987,0.985316,0.170741,-6.36792e-08,-0.146542,0.845664,-0.513204,-0.0876251,0.505668,0.858266),
							["SubPoses"] = {
								["Left Leg"] = {
									["EasingStyle"] = Enum.EasingStyle.Linear,
									["Weight"] = 1,
									["CFrame"] = CFrame.new(-0.0965047,-0.215767,0.0284125,0.439672,-0.879134,0.183878,0.891898,0.45149,0.0259819,-0.105861,0.152577,0.982606),
									["EasingDirection"] = Enum.EasingDirection.In
								},
								["Right Arm"] = {
									["EasingStyle"] = Enum.EasingStyle.Linear,
									["Weight"] = 1,
									["CFrame"] = CFrame.new(-0.203497,-0.0485249,-0.0412844,0.787071,0.327098,-0.522998,-0.152022,0.92454,0.349451,0.597837,-0.195535,0.777404),
									["EasingDirection"] = Enum.EasingDirection.In
								},
								["Head"] = {
									["EasingStyle"] = Enum.EasingStyle.Linear,
									["Weight"] = 1,
									["CFrame"] = CFrame.new(7.45058e-08,2.98023e-08,0.0166619,0.986061,-0.147649,-0.0767063,0.166324,0.887214,0.430335,0.0045163,-0.437094,0.899404),
									["EasingDirection"] = Enum.EasingDirection.In
								},
								["Right Leg"] = {
									["EasingStyle"] = Enum.EasingStyle.Linear,
									["Weight"] = 1,
									["CFrame"] = CFrame.new(0.627945,0.321106,-0.105472,0.627415,-0.760129,0.168981,0.770837,0.637023,0.00346004,-0.110275,0.128086,0.985613),
									["EasingDirection"] = Enum.EasingDirection.In
								},
								["Left Arm"] = {
									["EasingStyle"] = Enum.EasingStyle.Linear,
									["Weight"] = 1,
									["CFrame"] = CFrame.new(-0.349982,-0.528426,-0.0540274,-0.755534,0.653778,0.0417504,-0.558449,-0.676065,0.480698,0.342496,0.339868,0.875892),
									["EasingDirection"] = Enum.EasingDirection.In
								},
							},
							["EasingDirection"] = Enum.EasingDirection.In
						},
					},
					["EasingDirection"] = Enum.EasingDirection.In
				},
			},
			["Markers"] = {}
		},
		[0.0166667] = {
			["Poses"] = {
				["HumanoidRootPart"] = {
					["EasingStyle"] = Enum.EasingStyle.Linear,
					["Weight"] = 0,
					["CFrame"] = CFrame.new(0,0,0,1,0,0,0,1,0,0,0,1),
					["SubPoses"] = {
						["Torso"] = {
							["EasingStyle"] = Enum.EasingStyle.Linear,
							["Weight"] = 1,
							["CFrame"] = CFrame.new(0.000992753,-0.415009,-0.159574,0.985256,0.171085,0.00120679,-0.147114,0.850766,-0.504534,-0.087345,0.496918,0.863391),
							["SubPoses"] = {
								["Left Leg"] = {
									["EasingStyle"] = Enum.EasingStyle.Linear,
									["Weight"] = 1,
									["CFrame"] = CFrame.new(0.00706708,-0.0975176,0.00458306,0.465806,-0.865982,0.181933,0.87785,0.478107,0.028169,-0.111377,0.146588,0.982907),
									["EasingDirection"] = Enum.EasingDirection.In
								},
								["Right Arm"] = {
									["EasingStyle"] = Enum.EasingStyle.Linear,
									["Weight"] = 1,
									["CFrame"] = CFrame.new(-0.198187,-0.0532313,-0.0413919,0.787543,0.326055,-0.522938,-0.153532,0.92562,0.345911,0.596828,-0.192132,0.779026),
									["EasingDirection"] = Enum.EasingDirection.In
								},
								["Head"] = {
									["EasingStyle"] = Enum.EasingStyle.Linear,
									["Weight"] = 1,
									["CFrame"] = CFrame.new(7.82311e-08,1.63913e-07,0.0166626,0.985976,-0.147557,-0.0779653,0.166797,0.886687,0.431236,0.00549905,-0.438192,0.898864),
									["EasingDirection"] = Enum.EasingDirection.In
								},
								["Right Leg"] = {
									["EasingStyle"] = Enum.EasingStyle.Linear,
									["Weight"] = 1,
									["CFrame"] = CFrame.new(0.663357,0.368263,-0.109928,0.708662,-0.687403,0.158984,0.695886,0.718145,0.00318966,-0.116366,0.108374,0.987276),
									["EasingDirection"] = Enum.EasingDirection.In
								},
								["Left Arm"] = {
									["EasingStyle"] = Enum.EasingStyle.Linear,
									["Weight"] = 1,
									["CFrame"] = CFrame.new(-0.345747,-0.525303,-0.0537319,-0.752258,0.657868,0.0363029,-0.563542,-0.670989,0.481865,0.341363,0.342029,0.875493),
									["EasingDirection"] = Enum.EasingDirection.In
								},
							},
							["EasingDirection"] = Enum.EasingDirection.In
						},
					},
					["EasingDirection"] = Enum.EasingDirection.In
				},
			},
			["Markers"] = {}
		},
		[0.0333333] = {
			["Poses"] = {
				["HumanoidRootPart"] = {
					["EasingStyle"] = Enum.EasingStyle.Linear,
					["Weight"] = 0,
					["CFrame"] = CFrame.new(0,0,0,1,0,0,0,1,0,0,0,1),
					["SubPoses"] = {
						["Torso"] = {
							["EasingStyle"] = Enum.EasingStyle.Linear,
							["Weight"] = 1,
							["CFrame"] = CFrame.new(0.00212854,-0.407495,-0.156255,0.985739,0.168262,0.0025876,-0.144901,0.856495,-0.495399,-0.0855733,0.487959,0.868662),
							["SubPoses"] = {
								["Left Leg"] = {
									["EasingStyle"] = Enum.EasingStyle.Linear,
									["Weight"] = 1,
									["CFrame"] = CFrame.new(0.0125111,-0.0666011,-0.00155121,0.455382,-0.872785,0.17571,0.883719,0.467073,0.0297351,-0.108022,0.141737,0.983993),
									["EasingDirection"] = Enum.EasingDirection.In
								},
								["Right Arm"] = {
									["EasingStyle"] = Enum.EasingStyle.Linear,
									["Weight"] = 1,
									["CFrame"] = CFrame.new(-0.183381,-0.0663732,-0.0417775,0.791288,0.317234,-0.522711,-0.152343,0.930207,0.333925,0.592162,-0.184599,0.78439),
									["EasingDirection"] = Enum.EasingDirection.In
								},
								["Head"] = {
									["EasingStyle"] = Enum.EasingStyle.Linear,
									["Weight"] = 1,
									["CFrame"] = CFrame.new(9.31323e-08,1.63913e-07,0.0166621,0.986362,-0.145324,-0.0772712,0.164463,0.888666,0.428047,0.00646276,-0.434918,0.900447),
									["EasingDirection"] = Enum.EasingDirection.In
								},
								["Right Leg"] = {
									["EasingStyle"] = Enum.EasingStyle.Linear,
									["Weight"] = 1,
									["CFrame"] = CFrame.new(0.695303,0.410804,-0.113949,0.774609,-0.614401,0.149974,0.62096,0.783832,0.00390626,-0.119955,0.0901023,0.988682),
									["EasingDirection"] = Enum.EasingDirection.In
								},
								["Left Arm"] = {
									["EasingStyle"] = Enum.EasingStyle.Linear,
									["Weight"] = 1,
									["CFrame"] = CFrame.new(-0.333506,-0.516277,-0.0529528,-0.740589,0.671593,0.0221491,-0.579512,-0.655039,0.484861,0.340138,0.346247,0.874311),
									["EasingDirection"] = Enum.EasingDirection.In
								},
							},
							["EasingDirection"] = Enum.EasingDirection.In
						},
					},
					["EasingDirection"] = Enum.EasingDirection.In
				},
			},
			["Markers"] = {}
		},
		[0.05] = {
			["Poses"] = {
				["HumanoidRootPart"] = {
					["EasingStyle"] = Enum.EasingStyle.Linear,
					["Weight"] = 0,
					["CFrame"] = CFrame.new(0,0,0,1,0,0,0,1,0,0,0,1),
					["SubPoses"] = {
						["Torso"] = {
							["EasingStyle"] = Enum.EasingStyle.Linear,
							["Weight"] = 1,
							["CFrame"] = CFrame.new(0.00318085,-0.400705,-0.156895,0.986758,0.162155,0.00386693,-0.139756,0.862067,-0.487144,-0.0823264,0.480153,0.873313),
							["SubPoses"] = {
								["Left Leg"] = {
									["EasingStyle"] = Enum.EasingStyle.Linear,
									["Weight"] = 1,
									["CFrame"] = CFrame.new(-0.0926442,-0.174523,0.0156755,0.372578,-0.912242,0.170293,0.922408,0.38416,0.0398003,-0.101727,0.142251,0.984589),
									["EasingDirection"] = Enum.EasingDirection.In
								},
								["Right Arm"] = {
									["EasingStyle"] = Enum.EasingStyle.Linear,
									["Weight"] = 1,
									["CFrame"] = CFrame.new(-0.160801,-0.08648,-0.0425305,0.801857,0.29108,-0.521822,-0.139011,0.940233,0.310865,0.581121,-0.17673,0.794396),
									["EasingDirection"] = Enum.EasingDirection.In
								},
								["Head"] = {
									["EasingStyle"] = Enum.EasingStyle.Linear,
									["Weight"] = 1,
									["CFrame"] = CFrame.new(6.70552e-08,-1.49012e-07,0.0166622,0.987224,-0.140701,-0.0747805,0.159178,0.89198,0.423124,0.00716861,-0.429621,0.902981),
									["EasingDirection"] = Enum.EasingDirection.In
								},
								["Right Leg"] = {
									["EasingStyle"] = Enum.EasingStyle.Linear,
									["Weight"] = 1,
									["CFrame"] = CFrame.new(0.720656,0.444564,-0.117139,0.821527,-0.551974,0.142893,0.557076,0.830445,0.00511892,-0.12149,0.0753968,0.989725),
									["EasingDirection"] = Enum.EasingDirection.In
								},
								["Left Arm"] = {
									["EasingStyle"] = Enum.EasingStyle.Linear,
									["Weight"] = 1,
									["CFrame"] = CFrame.new(-0.313952,-0.501827,-0.0518568,-0.71682,0.697254,0.00230834,-0.607492,-0.626158,0.488753,0.342231,0.348946,0.872419),
									["EasingDirection"] = Enum.EasingDirection.In
								},
							},
							["EasingDirection"] = Enum.EasingDirection.In
						},
					},
					["EasingDirection"] = Enum.EasingDirection.In
				},
			},
			["Markers"] = {}
		},
		[0.0666667] = {
			["Poses"] = {
				["HumanoidRootPart"] = {
					["EasingStyle"] = Enum.EasingStyle.Linear,
					["Weight"] = 0,
					["CFrame"] = CFrame.new(0,0,0,1,0,0,0,1,0,0,0,1),
					["SubPoses"] = {
						["Torso"] = {
							["EasingStyle"] = Enum.EasingStyle.Linear,
							["Weight"] = 1,
							["CFrame"] = CFrame.new(0.00394142,-0.395774,-0.162316,0.988269,0.152646,0.00479159,-0.131538,0.866714,-0.481149,-0.0775985,0.474874,0.876626),
							["SubPoses"] = {
								["Left Leg"] = {
									["EasingStyle"] = Enum.EasingStyle.Linear,
									["Weight"] = 1,
									["CFrame"] = CFrame.new(-0.225767,-0.286195,0.0448123,0.277694,-0.945513,0.169974,0.954045,0.29217,0.0665885,-0.112622,0.143671,0.983196),
									["EasingDirection"] = Enum.EasingDirection.In
								},
								["Right Arm"] = {
									["EasingStyle"] = Enum.EasingStyle.Linear,
									["Weight"] = 1,
									["CFrame"] = CFrame.new(-0.132265,-0.112113,-0.0437289,0.822066,0.235422,-0.518443,-0.101621,0.956564,0.273235,0.56025,-0.171933,0.810283),
									["EasingDirection"] = Enum.EasingDirection.In
								},
								["Head"] = {
									["EasingStyle"] = Enum.EasingStyle.Linear,
									["Weight"] = 1,
									["CFrame"] = CFrame.new(8.19564e-08,-1.19209e-07,0.0166624,0.988538,-0.13342,-0.0706597,0.150794,0.895462,0.418818,0.00739447,-0.424673,0.905317),
									["EasingDirection"] = Enum.EasingDirection.In
								},
								["Right Leg"] = {
									["EasingStyle"] = Enum.EasingStyle.Linear,
									["Weight"] = 1,
									["CFrame"] = CFrame.new(0.736933,0.466239,-0.119188,0.848969,-0.509997,0.138401,0.514201,0.857647,0.00619426,-0.121858,0.0659071,0.990357),
									["EasingDirection"] = Enum.EasingDirection.In
								},
								["Left Arm"] = {
									["EasingStyle"] = Enum.EasingStyle.Linear,
									["Weight"] = 1,
									["CFrame"] = CFrame.new(-0.287776,-0.482381,-0.0506394,-0.675501,0.737083,-0.0201839,-0.648321,-0.58067,0.492446,0.351253,0.345733,0.870109),
									["EasingDirection"] = Enum.EasingDirection.In
								},
							},
							["EasingDirection"] = Enum.EasingDirection.In
						},
					},
					["EasingDirection"] = Enum.EasingDirection.In
				},
			},
			["Markers"] = {}
		},
		[0.0833333] = {
			["Poses"] = {
				["HumanoidRootPart"] = {
					["EasingStyle"] = Enum.EasingStyle.Linear,
					["Weight"] = 0,
					["CFrame"] = CFrame.new(0,0,0,1,0,0,0,1,0,0,0,1),
					["SubPoses"] = {
						["Torso"] = {
							["EasingStyle"] = Enum.EasingStyle.Linear,
							["Weight"] = 1,
							["CFrame"] = CFrame.new(0.00424268,-0.393855,-0.173328,0.990192,0.139617,0.00515779,-0.120128,0.869658,-0.478816,-0.0713364,0.4735,0.8779),
							["SubPoses"] = {
								["Left Leg"] = {
									["EasingStyle"] = Enum.EasingStyle.Linear,
									["Weight"] = 1,
									["CFrame"] = CFrame.new(-0.367453,-0.368572,0.09532,0.176913,-0.967726,0.179463,0.972513,0.199925,0.119366,-0.151393,0.153413,0.976496),
									["EasingDirection"] = Enum.EasingDirection.In
								},
								["Right Arm"] = {
									["EasingStyle"] = Enum.EasingStyle.Linear,
									["Weight"] = 1,
									["CFrame"] = CFrame.new(-0.0997514,-0.141968,-0.0454152,0.851083,0.13367,-0.507731,-0.0238762,0.975901,0.216903,0.524489,-0.17248,0.833764),
									["EasingDirection"] = Enum.EasingDirection.In
								},
								["Head"] = {
									["EasingStyle"] = Enum.EasingStyle.Linear,
									["Weight"] = 1,
									["CFrame"] = CFrame.new(6.70552e-08,2.83122e-07,0.0166621,0.990246,-0.123221,-0.0650362,0.139157,0.897961,0.417493,0.00695596,-0.422471,0.90635),
									["EasingDirection"] = Enum.EasingDirection.In
								},
								["Right Leg"] = {
									["EasingStyle"] = Enum.EasingStyle.Linear,
									["Weight"] = 1,
									["CFrame"] = CFrame.new(0.742541,0.473708,-0.119894,0.857923,-0.495214,0.136865,0.499115,0.86651,0.00661795,-0.121873,0.0626339,0.990568),
									["EasingDirection"] = Enum.EasingDirection.In
								},
								["Left Arm"] = {
									["EasingStyle"] = Enum.EasingStyle.Linear,
									["Weight"] = 1,
									["CFrame"] = CFrame.new(-0.255706,-0.458292,-0.0495532,-0.608615,0.792363,-0.0418047,-0.701563,-0.512763,0.494857,0.370671,0.330506,0.867968),
									["EasingDirection"] = Enum.EasingDirection.In
								},
							},
							["EasingDirection"] = Enum.EasingDirection.In
						},
					},
					["EasingDirection"] = Enum.EasingDirection.In
				},
			},
			["Markers"] = {}
		},
		[0.1] = {
			["Poses"] = {
				["HumanoidRootPart"] = {
					["EasingStyle"] = Enum.EasingStyle.Linear,
					["Weight"] = 0,
					["CFrame"] = CFrame.new(0,0,0,1,0,0,0,1,0,0,0,1),
					["SubPoses"] = {
						["Torso"] = {
							["EasingStyle"] = Enum.EasingStyle.Linear,
							["Weight"] = 1,
							["CFrame"] = CFrame.new(0.00372403,-0.397774,-0.191747,0.9924,0.12297,0.00452728,-0.105464,0.868923,-0.483581,-0.0633998,0.479429,0.875288),
							["SubPoses"] = {
								["Left Leg"] = {
									["EasingStyle"] = Enum.EasingStyle.Linear,
									["Weight"] = 1,
									["CFrame"] = CFrame.new(-0.529401,-0.414591,0.161513,0.0928108,-0.977376,0.19006,0.976093,0.126991,0.176395,-0.19654,0.169145,0.965796),
									["EasingDirection"] = Enum.EasingDirection.In
								},
								["Right Arm"] = {
									["EasingStyle"] = Enum.EasingStyle.Linear,
									["Weight"] = 1,
									["CFrame"] = CFrame.new(-0.0652976,-0.175146,-0.0475148,0.87684,-0.0325702,-0.479678,0.113172,0.98365,0.140087,0.467273,-0.17712,0.86619),
									["EasingDirection"] = Enum.EasingDirection.In
								},
								["Head"] = {
									["EasingStyle"] = Enum.EasingStyle.Linear,
									["Weight"] = 1,
									["CFrame"] = CFrame.new(7.26432e-08,8.9407e-08,0.0166618,0.992251,-0.110146,-0.0574953,0.124131,0.89902,0.419946,0.00543385,-0.423829,0.905726),
									["EasingDirection"] = Enum.EasingDirection.In
								},
								["Right Leg"] = {
									["EasingStyle"] = Enum.EasingStyle.Linear,
									["Weight"] = 1,
									["CFrame"] = CFrame.new(0.770202,0.507518,-0.118912,0.898958,-0.421493,0.119244,0.423413,0.905882,0.00999533,-0.112234,0.0415041,0.992815),
									["EasingDirection"] = Enum.EasingDirection.In
								},
								["Left Arm"] = {
									["EasingStyle"] = Enum.EasingStyle.Linear,
									["Weight"] = 1,
									["CFrame"] = CFrame.new(-0.21862,-0.429914,-0.0490699,-0.505573,0.860798,-0.0585052,-0.766922,-0.4173,0.487537,0.395256,0.291354,0.87114),
									["EasingDirection"] = Enum.EasingDirection.In
								},
							},
							["EasingDirection"] = Enum.EasingDirection.In
						},
					},
					["EasingDirection"] = Enum.EasingDirection.In
				},
			},
			["Markers"] = {}
		},
		[0.116667] = {
			["Poses"] = {
				["HumanoidRootPart"] = {
					["EasingStyle"] = Enum.EasingStyle.Linear,
					["Weight"] = 0,
					["CFrame"] = CFrame.new(0,0,0,1,0,0,0,1,0,0,0,1),
					["SubPoses"] = {
						["Torso"] = {
							["EasingStyle"] = Enum.EasingStyle.Linear,
							["Weight"] = 1,
							["CFrame"] = CFrame.new(0.00252829,-0.407258,-0.21548,0.994686,0.102905,0.0030736,-0.0878939,0.864373,-0.495111,-0.0536063,0.49221,0.868825),
							["SubPoses"] = {
								["Left Leg"] = {
									["EasingStyle"] = Enum.EasingStyle.Linear,
									["Weight"] = 1,
									["CFrame"] = CFrame.new(-0.746006,-0.429969,0.193356,0.0624966,-0.98204,0.178022,0.978309,0.095575,0.183784,-0.197498,0.162675,0.966712),
									["EasingDirection"] = Enum.EasingDirection.In
								},
								["Right Arm"] = {
									["EasingStyle"] = Enum.EasingStyle.Linear,
									["Weight"] = 1,
									["CFrame"] = CFrame.new(-0.0301051,-0.211421,-0.0496764,0.868878,-0.259881,-0.421323,0.309832,0.94929,0.0534117,0.386077,-0.176948,0.905337),
									["EasingDirection"] = Enum.EasingDirection.In
								},
								["Head"] = {
									["EasingStyle"] = Enum.EasingStyle.Linear,
									["Weight"] = 1,
									["CFrame"] = CFrame.new(1.30385e-07,-1.63913e-07,0.0166622,0.994377,-0.0944751,-0.0478491,0.105859,0.899537,0.423824,0.00300125,-0.426506,0.90448),
									["EasingDirection"] = Enum.EasingDirection.In
								},
								["Right Leg"] = {
									["EasingStyle"] = Enum.EasingStyle.Linear,
									["Weight"] = 1,
									["CFrame"] = CFrame.new(0.767847,0.513755,-0.112146,0.924133,-0.368846,0.0996541,0.36924,0.929211,0.0151406,-0.0981841,0.0228043,0.994907),
									["EasingDirection"] = Enum.EasingDirection.In
								},
								["Left Arm"] = {
									["EasingStyle"] = Enum.EasingStyle.Linear,
									["Weight"] = 1,
									["CFrame"] = CFrame.new(-0.177778,-0.39766,-0.0495084,-0.357471,0.931588,-0.0660181,-0.838119,-0.288811,0.462757,0.412032,0.220753,0.884023),
									["EasingDirection"] = Enum.EasingDirection.In
								},
							},
							["EasingDirection"] = Enum.EasingDirection.In
						},
					},
					["EasingDirection"] = Enum.EasingDirection.In
				},
			},
			["Markers"] = {}
		},
		[0.133333] = {
			["Poses"] = {
				["HumanoidRootPart"] = {
					["EasingStyle"] = Enum.EasingStyle.Linear,
					["Weight"] = 0,
					["CFrame"] = CFrame.new(0,0,0,1,0,0,0,1,0,0,0,1),
					["SubPoses"] = {
						["Torso"] = {
							["EasingStyle"] = Enum.EasingStyle.Linear,
							["Weight"] = 1,
							["CFrame"] = CFrame.new(0.00121349,-0.418815,-0.23944,0.996813,0.0797581,0.00147518,-0.0678969,0.857989,-0.50916,-0.0418754,0.507438,0.86067),
							["SubPoses"] = {
								["Left Leg"] = {
									["EasingStyle"] = Enum.EasingStyle.Linear,
									["Weight"] = 1,
									["CFrame"] = CFrame.new(-1.00943,-0.375092,0.178383,0.093178,-0.984454,0.148893,0.98021,0.116935,0.159735,-0.174662,0.131063,0.975867),
									["EasingDirection"] = Enum.EasingDirection.In
								},
								["Right Arm"] = {
									["EasingStyle"] = Enum.EasingStyle.Linear,
									["Weight"] = 1,
									["CFrame"] = CFrame.new(0.0055914,-0.250711,-0.0514237,0.791197,-0.517605,-0.325718,0.541345,0.840545,-0.0207544,0.284524,-0.159905,0.945239),
									["EasingDirection"] = Enum.EasingDirection.In
								},
								["Head"] = {
									["EasingStyle"] = Enum.EasingStyle.Linear,
									["Weight"] = 1,
									["CFrame"] = CFrame.new(7.07805e-08,2.83122e-07,0.0166623,0.996414,-0.0763207,-0.0365425,0.0846173,0.900392,0.426772,0.000331075,-0.428333,0.903621),
									["EasingDirection"] = Enum.EasingDirection.In
								},
								["Right Leg"] = {
									["EasingStyle"] = Enum.EasingStyle.Linear,
									["Weight"] = 1,
									["CFrame"] = CFrame.new(0.739889,0.495452,-0.0923539,0.944346,-0.323152,0.0615168,0.323138,0.946294,0.0104536,-0.061591,0.0100066,0.998051),
									["EasingDirection"] = Enum.EasingDirection.In
								},
								["Left Arm"] = {
									["EasingStyle"] = Enum.EasingStyle.Linear,
									["Weight"] = 1,
									["CFrame"] = CFrame.new(-0.134764,-0.36198,-0.0508708,-0.15985,0.985431,-0.0580795,-0.898512,-0.12088,0.421977,0.408809,0.119638,0.904744),
									["EasingDirection"] = Enum.EasingDirection.In
								},
							},
							["EasingDirection"] = Enum.EasingDirection.In
						},
					},
					["EasingDirection"] = Enum.EasingDirection.In
				},
			},
			["Markers"] = {}
		},
		[0.15] = {
			["Poses"] = {
				["HumanoidRootPart"] = {
					["EasingStyle"] = Enum.EasingStyle.Linear,
					["Weight"] = 0,
					["CFrame"] = CFrame.new(0,0,0,1,0,0,0,1,0,0,0,1),
					["SubPoses"] = {
						["Torso"] = {
							["EasingStyle"] = Enum.EasingStyle.Linear,
							["Weight"] = 1,
							["CFrame"] = CFrame.new(0.000182673,-0.429028,-0.258361,0.998547,0.0538948,0.00022199,-0.0458677,0.85197,-0.521577,-0.0282994,0.520809,0.853204),
							["SubPoses"] = {
								["Left Leg"] = {
									["EasingStyle"] = Enum.EasingStyle.Linear,
									["Weight"] = 1,
									["CFrame"] = CFrame.new(-1.2851,-0.191661,0.124127,0.19861,-0.973676,0.111844,0.968717,0.212351,0.128434,-0.148803,0.0828368,0.985391),
									["EasingDirection"] = Enum.EasingDirection.In
								},
								["Right Arm"] = {
									["EasingStyle"] = Enum.EasingStyle.Linear,
									["Weight"] = 1,
									["CFrame"] = CFrame.new(0.042407,-0.292205,-0.0524277,0.626614,-0.752431,-0.202983,0.759654,0.647869,-0.0564904,0.174012,-0.1188,0.977551),
									["EasingDirection"] = Enum.EasingDirection.In
								},
								["Head"] = {
									["EasingStyle"] = Enum.EasingStyle.Linear,
									["Weight"] = 1,
									["CFrame"] = CFrame.new(9.49949e-08,1.49012e-08,0.0166626,0.998152,-0.0557885,-0.0240746,0.0607262,0.902469,0.426454,-0.00206468,-0.427128,0.904189),
									["EasingDirection"] = Enum.EasingDirection.In
								},
								["Right Leg"] = {
									["EasingStyle"] = Enum.EasingStyle.Linear,
									["Weight"] = 1,
									["CFrame"] = CFrame.new(0.708479,0.463748,-0.080811,0.960649,-0.274544,0.0421805,0.274003,0.961556,0.018228,-0.0455633,-0.00595315,0.998944),
									["EasingDirection"] = Enum.EasingDirection.In
								},
								["Left Arm"] = {
									["EasingStyle"] = Enum.EasingStyle.Linear,
									["Weight"] = 1,
									["CFrame"] = CFrame.new(-0.0913852,-0.323598,-0.0529209,0.080753,0.996351,-0.02764,-0.925122,0.0852437,0.369976,0.370982,-0.0043066,0.92863),
									["EasingDirection"] = Enum.EasingDirection.In
								},
							},
							["EasingDirection"] = Enum.EasingDirection.In
						},
					},
					["EasingDirection"] = Enum.EasingDirection.In
				},
			},
			["Markers"] = {}
		},
		[0.166667] = {
			["Poses"] = {
				["HumanoidRootPart"] = {
					["EasingStyle"] = Enum.EasingStyle.Linear,
					["Weight"] = 0,
					["CFrame"] = CFrame.new(0,0,0,1,0,0,0,1,0,0,0,1),
					["SubPoses"] = {
						["Torso"] = {
							["EasingStyle"] = Enum.EasingStyle.Linear,
							["Weight"] = 1,
							["CFrame"] = CFrame.new(-0.000374662,-0.434578,-0.266779,0.999669,0.0257066,-0.000455567,-0.0220666,0.848756,-0.528324,-0.0131947,0.528159,0.849043),
							["SubPoses"] = {
								["Left Leg"] = {
									["EasingStyle"] = Enum.EasingStyle.Linear,
									["Weight"] = 1,
									["CFrame"] = CFrame.new(-1.49811,0.158021,0.0394892,0.393151,-0.916699,0.0713813,0.911632,0.398739,0.0996765,-0.119836,0.0258856,0.992456),
									["EasingDirection"] = Enum.EasingDirection.In
								},
								["Right Arm"] = {
									["EasingStyle"] = Enum.EasingStyle.Linear,
									["Weight"] = 1,
									["CFrame"] = CFrame.new(0.0809404,-0.333739,-0.0527567,0.396411,-0.914513,-0.0807756,0.915484,0.400363,-0.0399822,0.0689037,-0.0580995,0.99593),
									["EasingDirection"] = Enum.EasingDirection.In
								},
								["Head"] = {
									["EasingStyle"] = Enum.EasingStyle.Linear,
									["Weight"] = 1,
									["CFrame"] = CFrame.new(6.33299e-08,5.96046e-08,0.0166623,0.999396,-0.0329808,-0.0109934,0.034545,0.906611,0.420552,-0.00390352,-0.420677,0.907202),
									["EasingDirection"] = Enum.EasingDirection.In
								},
								["Right Leg"] = {
									["EasingStyle"] = Enum.EasingStyle.Linear,
									["Weight"] = 1,
									["CFrame"] = CFrame.new(0.659217,0.406025,-0.0629124,0.976542,-0.214866,0.0140862,0.21456,0.976495,0.0205158,-0.0181632,-0.0170122,0.99969),
									["EasingDirection"] = Enum.EasingDirection.In
								},
								["Left Arm"] = {
									["EasingStyle"] = Enum.EasingStyle.Linear,
									["Weight"] = 1,
									["CFrame"] = CFrame.new(-0.0493792,-0.283737,-0.0550843,0.340052,0.939951,0.0292561,-0.895252,0.314043,0.316071,0.287904,-0.133672,0.948284),
									["EasingDirection"] = Enum.EasingDirection.In
								},
							},
							["EasingDirection"] = Enum.EasingDirection.In
						},
					},
					["EasingDirection"] = Enum.EasingDirection.In
				},
			},
			["Markers"] = {}
		},
		[0.183333] = {
			["Poses"] = {
				["HumanoidRootPart"] = {
					["EasingStyle"] = Enum.EasingStyle.Linear,
					["Weight"] = 0,
					["CFrame"] = CFrame.new(0,0,0,1,0,0,0,1,0,0,0,1),
					["SubPoses"] = {
						["Torso"] = {
							["EasingStyle"] = Enum.EasingStyle.Linear,
							["Weight"] = 1,
							["CFrame"] = CFrame.new(-0.000546767,-0.436307,-0.265099,0.999991,-0.00425443,-0.0006648,0.00325399,0.847725,-0.530426,0.00282023,0.530419,0.847731),
							["SubPoses"] = {
								["Left Leg"] = {
									["EasingStyle"] = Enum.EasingStyle.Linear,
									["Weight"] = 1,
									["CFrame"] = CFrame.new(-1.54341,0.61452,-0.0533941,0.645205,-0.763407,0.0303529,0.760056,0.645395,0.0760202,-0.0776239,-0.0259787,0.996644),
									["EasingDirection"] = Enum.EasingDirection.In
								},
								["Right Arm"] = {
									["EasingStyle"] = Enum.EasingStyle.Linear,
									["Weight"] = 1,
									["CFrame"] = CFrame.new(0.120752,-0.37258,-0.0527772,0.147094,-0.989038,0.0129105,0.988862,0.147342,0.021012,-0.0226839,0.009676,0.999696),
									["EasingDirection"] = Enum.EasingDirection.In
								},
								["Head"] = {
									["EasingStyle"] = Enum.EasingStyle.Linear,
									["Weight"] = 1,
									["CFrame"] = CFrame.new(1.09081e-07,2.08616e-07,0.0166618,0.999964,-0.00817151,0.00208643,0.0065876,0.911273,0.41175,-0.00526587,-0.411721,0.911295),
									["EasingDirection"] = Enum.EasingDirection.In
								},
								["Right Leg"] = {
									["EasingStyle"] = Enum.EasingStyle.Linear,
									["Weight"] = 1,
									["CFrame"] = CFrame.new(0.641312,0.356834,-0.0435906,0.993869,-0.109399,-0.0160034,0.109731,0.993726,0.0216313,0.0135366,-0.0232548,0.999638),
									["EasingDirection"] = Enum.EasingDirection.In
								},
								["Left Arm"] = {
									["EasingStyle"] = Enum.EasingStyle.Linear,
									["Weight"] = 1,
									["CFrame"] = CFrame.new(-0.00990275,-0.244101,-0.0565731,0.578895,0.808087,0.108974,-0.799246,0.535863,0.272134,0.161513,-0.244634,0.956069),
									["EasingDirection"] = Enum.EasingDirection.In
								},
							},
							["EasingDirection"] = Enum.EasingDirection.In
						},
					},
					["EasingDirection"] = Enum.EasingDirection.In
				},
			},
			["Markers"] = {}
		},
		[0.2] = {
			["Poses"] = {
				["HumanoidRootPart"] = {
					["EasingStyle"] = Enum.EasingStyle.Linear,
					["Weight"] = 0,
					["CFrame"] = CFrame.new(0,0,0,1,0,0,0,1,0,0,0,1),
					["SubPoses"] = {
						["Torso"] = {
							["EasingStyle"] = Enum.EasingStyle.Linear,
							["Weight"] = 1,
							["CFrame"] = CFrame.new(-0.000476466,-0.437358,-0.258376,0.999395,-0.0347669,-0.000579331,0.0291374,0.846429,-0.531703,0.0189761,0.531365,0.846931),
							["SubPoses"] = {
								["Left Leg"] = {
									["EasingStyle"] = Enum.EasingStyle.Linear,
									["Weight"] = 1,
									["CFrame"] = CFrame.new(-1.42292,0.988036,-0.120256,0.85387,-0.520408,-0.00906565,0.520016,0.852228,0.057371,-0.0221304,-0.0537017,0.998312),
									["EasingDirection"] = Enum.EasingDirection.In
								},
								["Right Arm"] = {
									["EasingStyle"] = Enum.EasingStyle.Linear,
									["Weight"] = 1,
									["CFrame"] = CFrame.new(0.160686,-0.407307,-0.0527214,-0.0850399,-0.994032,0.0683337,0.991447,-0.0776054,0.104931,-0.099002,0.0766725,0.992129),
									["EasingDirection"] = Enum.EasingDirection.In
								},
								["Head"] = {
									["EasingStyle"] = Enum.EasingStyle.Linear,
									["Weight"] = 1,
									["CFrame"] = CFrame.new(9.40636e-08,1.49012e-08,0.0166623,0.999739,0.0175381,0.0146711,-0.0219739,0.914336,0.404359,-0.00632255,-0.404576,0.914483),
									["EasingDirection"] = Enum.EasingDirection.In
								},
								["Right Leg"] = {
									["EasingStyle"] = Enum.EasingStyle.Linear,
									["Weight"] = 1,
									["CFrame"] = CFrame.new(0.678655,0.31773,-0.0197449,0.997502,0.0530171,-0.0466719,-0.0520278,0.9984,0.0221649,0.0477724,-0.0196814,0.998664),
									["EasingDirection"] = Enum.EasingDirection.In
								},
								["Left Arm"] = {
									["EasingStyle"] = Enum.EasingStyle.Linear,
									["Weight"] = 1,
									["CFrame"] = CFrame.new(0.026778,-0.206444,-0.0567647,0.760275,0.618112,0.199796,-0.649537,0.719028,0.247184,0.00912816,-0.317703,0.948146),
									["EasingDirection"] = Enum.EasingDirection.In
								},
							},
							["EasingDirection"] = Enum.EasingDirection.In
						},
					},
					["EasingDirection"] = Enum.EasingDirection.In
				},
			},
			["Markers"] = {}
		},
		[0.216667] = {
			["Poses"] = {
				["HumanoidRootPart"] = {
					["EasingStyle"] = Enum.EasingStyle.Linear,
					["Weight"] = 0,
					["CFrame"] = CFrame.new(0,0,0,1,0,0,0,1,0,0,0,1),
					["SubPoses"] = {
						["Torso"] = {
							["EasingStyle"] = Enum.EasingStyle.Linear,
							["Weight"] = 1,
							["CFrame"] = CFrame.new(-0.000238687,-0.437894,-0.24805,0.997922,-0.0644352,-0.00029026,0.0543916,0.844772,-0.532355,0.0345476,0.531233,0.846521),
							["SubPoses"] = {
								["Left Leg"] = {
									["EasingStyle"] = Enum.EasingStyle.Linear,
									["Weight"] = 1,
									["CFrame"] = CFrame.new(-1.27576,1.16952,-0.152849,0.962617,-0.266967,-0.0457992,0.268892,0.962221,0.0427505,0.032656,-0.0534674,0.998036),
									["EasingDirection"] = Enum.EasingDirection.In
								},
								["Right Arm"] = {
									["EasingStyle"] = Enum.EasingStyle.Linear,
									["Weight"] = 1,
									["CFrame"] = CFrame.new(0.199364,-0.437378,-0.0527127,-0.281089,-0.955542,0.0890419,0.946071,-0.260336,0.192807,-0.161054,0.138436,0.977188),
									["EasingDirection"] = Enum.EasingDirection.In
								},
								["Head"] = {
									["EasingStyle"] = Enum.EasingStyle.Linear,
									["Weight"] = 1,
									["CFrame"] = CFrame.new(6.0536e-08,-2.98023e-08,0.0166622,0.998735,0.0427966,0.0264052,-0.0497795,0.915804,0.398529,-0.00712632,-0.399339,0.916775),
									["EasingDirection"] = Enum.EasingDirection.In
								},
								["Right Leg"] = {
									["EasingStyle"] = Enum.EasingStyle.Linear,
									["Weight"] = 1,
									["CFrame"] = CFrame.new(0.725451,0.250262,0.00995576,0.967935,0.239311,-0.0763708,-0.238306,0.970938,0.0221442,0.0794506,-0.00323448,0.996834),
									["EasingDirection"] = Enum.EasingDirection.In
								},
								["Left Arm"] = {
									["EasingStyle"] = Enum.EasingStyle.Linear,
									["Weight"] = 1,
									["CFrame"] = CFrame.new(0.0609871,-0.172018,-0.0555342,0.868044,0.404784,0.287489,-0.474897,0.845836,0.24297,-0.144818,-0.347437,0.926453),
									["EasingDirection"] = Enum.EasingDirection.In
								},
							},
							["EasingDirection"] = Enum.EasingDirection.In
						},
					},
					["EasingDirection"] = Enum.EasingDirection.In
				},
			},
			["Markers"] = {}
		},
		[0.233333] = {
			["Poses"] = {
				["HumanoidRootPart"] = {
					["EasingStyle"] = Enum.EasingStyle.Linear,
					["Weight"] = 0,
					["CFrame"] = CFrame.new(0,0,0,1,0,0,0,1,0,0,0,1),
					["SubPoses"] = {
						["Torso"] = {
							["EasingStyle"] = Enum.EasingStyle.Linear,
							["Weight"] = 1,
							["CFrame"] = CFrame.new(0.000101943,-0.438081,-0.235566,0.99577,-0.091881,0.000123838,0.0778318,0.842792,-0.532582,0.0488298,0.530339,0.846378),
							["SubPoses"] = {
								["Left Leg"] = {
									["EasingStyle"] = Enum.EasingStyle.Linear,
									["Weight"] = 1,
									["CFrame"] = CFrame.new(-1.17174,1.20353,-0.166046,0.995884,-0.0448824,-0.0787509,0.0474765,0.998379,0.0313847,0.0772146,-0.0349943,0.9964),
									["EasingDirection"] = Enum.EasingDirection.In
								},
								["Right Arm"] = {
									["EasingStyle"] = Enum.EasingStyle.Linear,
									["Weight"] = 1,
									["CFrame"] = CFrame.new(0.235489,-0.462727,-0.0528035,-0.435734,-0.896135,0.0841337,0.874995,-0.399826,0.272988,-0.210996,0.192567,0.958331),
									["EasingDirection"] = Enum.EasingDirection.In
								},
								["Head"] = {
									["EasingStyle"] = Enum.EasingStyle.Linear,
									["Weight"] = 1,
									["CFrame"] = CFrame.new(8.9407e-08,1.93715e-07,0.0166621,0.997117,0.0662635,0.036969,-0.075485,0.915809,0.394457,-0.00771848,-0.39611,0.918171),
									["EasingDirection"] = Enum.EasingDirection.In
								},
								["Right Leg"] = {
									["EasingStyle"] = Enum.EasingStyle.Linear,
									["Weight"] = 1,
									["CFrame"] = CFrame.new(0.749285,0.142266,0.0415421,0.90011,0.42315,-0.103659,-0.423306,0.90573,0.0215913,0.103023,0.0244448,0.994379),
									["EasingDirection"] = Enum.EasingDirection.In
								},
								["Left Arm"] = {
									["EasingStyle"] = Enum.EasingStyle.Linear,
									["Weight"] = 1,
									["CFrame"] = CFrame.new(0.0929836,-0.1414,-0.0532309,0.910118,0.201618,0.361989,-0.304617,0.917792,0.254687,-0.280881,-0.342064,0.896715),
									["EasingDirection"] = Enum.EasingDirection.In
								},
							},
							["EasingDirection"] = Enum.EasingDirection.In
						},
					},
					["EasingDirection"] = Enum.EasingDirection.In
				},
			},
			["Markers"] = {}
		},
		[0.25] = {
			["Poses"] = {
				["HumanoidRootPart"] = {
					["EasingStyle"] = Enum.EasingStyle.Linear,
					["Weight"] = 0,
					["CFrame"] = CFrame.new(0,0,0,1,0,0,0,1,0,0,0,1),
					["SubPoses"] = {
						["Torso"] = {
							["EasingStyle"] = Enum.EasingStyle.Linear,
							["Weight"] = 1,
							["CFrame"] = CFrame.new(0.000493452,-0.438089,-0.222373,0.993277,-0.115758,0.000599823,0.0982915,0.840645,-0.532592,0.0611474,0.52907,0.846372),
							["SubPoses"] = {
								["Left Leg"] = {
									["EasingStyle"] = Enum.EasingStyle.Linear,
									["Weight"] = 1,
									["CFrame"] = CFrame.new(-1.09841,1.14669,-0.170076,0.983268,0.147589,-0.106774,-0.145983,0.989026,0.0227485,0.10896,-0.00678074,0.994023),
									["EasingDirection"] = Enum.EasingDirection.In
								},
								["Right Arm"] = {
									["EasingStyle"] = Enum.EasingStyle.Linear,
									["Weight"] = 1,
									["CFrame"] = CFrame.new(0.267985,-0.483542,-0.0529925,-0.551686,-0.831633,0.0634759,0.795376,-0.501671,0.340152,-0.251038,0.238144,0.938226),
									["EasingDirection"] = Enum.EasingDirection.In
								},
								["Head"] = {
									["EasingStyle"] = Enum.EasingStyle.Linear,
									["Weight"] = 1,
									["CFrame"] = CFrame.new(8.00937e-08,2.98023e-08,0.0166622,0.995176,0.0866318,0.0460513,-0.0977741,0.914593,0.392377,-0.00812587,-0.394986,0.918651),
									["EasingDirection"] = Enum.EasingDirection.In
								},
								["Right Leg"] = {
									["EasingStyle"] = Enum.EasingStyle.Linear,
									["Weight"] = 1,
									["CFrame"] = CFrame.new(0.730397,0.00429714,0.0681978,0.801156,0.584787,-0.127174,-0.58732,0.809094,0.020543,0.114909,0.0582338,0.991668),
									["EasingDirection"] = Enum.EasingDirection.In
								},
								["Left Arm"] = {
									["EasingStyle"] = Enum.EasingStyle.Linear,
									["Weight"] = 1,
									["CFrame"] = CFrame.new(0.122549,-0.114756,-0.0503989,0.907219,0.0288308,0.419669,-0.157396,0.948446,0.275094,-0.390102,-0.315626,0.864986),
									["EasingDirection"] = Enum.EasingDirection.In
								},
							},
							["EasingDirection"] = Enum.EasingDirection.In
						},
					},
					["EasingDirection"] = Enum.EasingDirection.In
				},
			},
			["Markers"] = {}
		},
		[0.266667] = {
			["Poses"] = {
				["HumanoidRootPart"] = {
					["EasingStyle"] = Enum.EasingStyle.Linear,
					["Weight"] = 0,
					["CFrame"] = CFrame.new(0,0,0,1,0,0,0,1,0,0,0,1),
					["SubPoses"] = {
						["Torso"] = {
							["EasingStyle"] = Enum.EasingStyle.Linear,
							["Weight"] = 1,
							["CFrame"] = CFrame.new(0.000845127,-0.437462,-0.209378,0.990842,-0.135026,0.00102735,0.114888,0.839022,-0.53183,0.0709489,0.527077,0.846851),
							["SubPoses"] = {
								["Left Leg"] = {
									["EasingStyle"] = Enum.EasingStyle.Linear,
									["Weight"] = 1,
									["CFrame"] = CFrame.new(-1.0313,1.02573,-0.16773,0.939167,0.31831,-0.129013,-0.31893,0.947637,0.0163849,0.127472,0.0257577,0.991508),
									["EasingDirection"] = Enum.EasingDirection.In
								},
								["Right Arm"] = {
									["EasingStyle"] = Enum.EasingStyle.Linear,
									["Weight"] = 1,
									["CFrame"] = CFrame.new(0.295986,-0.500101,-0.0532485,-0.634964,-0.771726,0.035484,0.718863,-0.573399,0.393,-0.282942,0.275049,0.918854),
									["EasingDirection"] = Enum.EasingDirection.In
								},
								["Head"] = {
									["EasingStyle"] = Enum.EasingStyle.Linear,
									["Weight"] = 1,
									["CFrame"] = CFrame.new(1.13621e-07,1.49012e-08,0.0166616,0.993251,0.102715,0.0538654,-0.11567,0.91131,0.395139,-0.00850129,-0.398703,0.917041),
									["EasingDirection"] = Enum.EasingDirection.In
								},
								["Right Leg"] = {
									["EasingStyle"] = Enum.EasingStyle.Linear,
									["Weight"] = 1,
									["CFrame"] = CFrame.new(0.660556,-0.138001,0.0836284,0.686656,0.712118,-0.146259,-0.717739,0.696045,0.0193191,0.11556,0.0917099,0.989058),
									["EasingDirection"] = Enum.EasingDirection.In
								},
								["Left Arm"] = {
									["EasingStyle"] = Enum.EasingStyle.Linear,
									["Weight"] = 1,
									["CFrame"] = CFrame.new(0.148995,-0.0921771,-0.0475328,0.880692,-0.10681,0.461491,-0.0404182,0.953749,0.297874,-0.471962,-0.280988,0.835642),
									["EasingDirection"] = Enum.EasingDirection.In
								},
							},
							["EasingDirection"] = Enum.EasingDirection.In
						},
					},
					["EasingDirection"] = Enum.EasingDirection.In
				},
			},
			["Markers"] = {}
		},
		[0.283333] = {
			["Poses"] = {
				["HumanoidRootPart"] = {
					["EasingStyle"] = Enum.EasingStyle.Linear,
					["Weight"] = 0,
					["CFrame"] = CFrame.new(0,0,0,1,0,0,0,1,0,0,0,1),
					["SubPoses"] = {
						["Torso"] = {
							["EasingStyle"] = Enum.EasingStyle.Linear,
							["Weight"] = 1,
							["CFrame"] = CFrame.new(0.00103728,-0.435604,-0.196807,0.988718,-0.149781,0.00126096,0.127715,0.838596,-0.529571,0.0782624,0.523758,0.848265),
							["SubPoses"] = {
								["Left Leg"] = {
									["EasingStyle"] = Enum.EasingStyle.Linear,
									["Weight"] = 1,
									["CFrame"] = CFrame.new(-0.947894,0.847995,-0.158345,0.86797,0.474728,-0.145812,-0.478314,0.878112,0.0116771,0.133582,0.0596084,0.989243),
									["EasingDirection"] = Enum.EasingDirection.In
								},
								["Right Arm"] = {
									["EasingStyle"] = Enum.EasingStyle.Linear,
									["Weight"] = 1,
									["CFrame"] = CFrame.new(0.318781,-0.512672,-0.0535261,-0.692082,-0.721789,0.00663765,0.652874,-0.622028,0.432247,-0.307862,0.303484,0.901731),
									["EasingDirection"] = Enum.EasingDirection.In
								},
								["Head"] = {
									["EasingStyle"] = Enum.EasingStyle.Linear,
									["Weight"] = 1,
									["CFrame"] = CFrame.new(6.14673e-08,8.9407e-08,0.0166627,0.991561,0.114441,0.0609128,-0.129329,0.905849,0.403375,-0.00901515,-0.407848,0.913005),
									["EasingDirection"] = Enum.EasingDirection.In
								},
								["Right Leg"] = {
									["EasingStyle"] = Enum.EasingStyle.Linear,
									["Weight"] = 1,
									["CFrame"] = CFrame.new(0.541336,-0.252076,0.084687,0.577588,0.800234,-0.161298,-0.80892,0.587622,0.0186777,0.109729,0.119689,0.986729),
									["EasingDirection"] = Enum.EasingDirection.In
								},
								["Left Arm"] = {
									["EasingStyle"] = Enum.EasingStyle.Linear,
									["Weight"] = 1,
