return {
	["Keyframes"] = {
		[0] = {
			["Poses"] = {
				["HumanoidRootPart"] = {
					["EasingStyle"] = Enum.EasingStyle.Linear,
					["Weight"] = 0,
					["CFrame"] = CFrame.new(0,0,0,1,0,0,0,1,0,0,0,1),
					["SubPoses"] = {
						["Torso"] = {
							["EasingStyle"] = Enum.EasingStyle.Linear,
							["Weight"] = 1,
							["CFrame"] = CFrame.new(-0.000657146,-0.0942269,-0.155504,0.998061,0.0622347,-0.000798991,-0.0619164,0.991486,-0.114553,-0.00633701,0.114381,0.993417),
							["SubPoses"] = {
								["Head"] = {
									["EasingStyle"] = Enum.EasingStyle.Linear,
									["Weight"] = 1,
									["CFrame"] = CFrame.new(1.01514e-07,-1.11759e-08,0.0166619,0.998226,-0.0537288,0.025647,0.0551199,0.99685,-0.0570247,-0.0225023,0.0583373,0.998043),
									["EasingDirection"] = Enum.EasingDirection.In
								},
								["Left Leg"] = {
									["EasingStyle"] = Enum.EasingStyle.Linear,
									["Weight"] = 1,
									["CFrame"] = CFrame.new(-0.0878206,-0.0271793,0.00234014,0.945657,-0.319152,0.0622582,0.319792,0.947488,-0.000340742,-0.0588802,0.0202319,0.99806),
									["EasingDirection"] = Enum.EasingDirection.In
								},
								["Right Arm"] = {
									["EasingStyle"] = Enum.EasingStyle.Linear,
									["Weight"] = 1,
									["CFrame"] = CFrame.new(-0.188719,-0.074172,-0.0631433,0.914776,0.264033,-0.305732,-0.197253,0.952426,0.232326,0.352529,-0.15222,0.923338),
									["EasingDirection"] = Enum.EasingDirection.In
								},
								["Right Leg"] = {
									["EasingStyle"] = Enum.EasingStyle.Linear,
									["Weight"] = 1,
									["CFrame"] = CFrame.new(0.10404,0.0454528,-0.00968331,0.890836,-0.450046,0.0622013,0.450838,0.892605,0.00144751,-0.0561726,0.0267532,0.998063),
									["EasingDirection"] = Enum.EasingDirection.In
								},
								["Left Arm"] = {
									["EasingStyle"] = Enum.EasingStyle.Linear,
									["Weight"] = 1,
									["CFrame"] = CFrame.new(-0.0526875,-0.142025,0.00175202,0.900962,0.265787,-0.342965,-0.216849,0.960453,0.174663,0.375825,-0.0829935,0.922967),
									["EasingDirection"] = Enum.EasingDirection.In
								},
							},
							["EasingDirection"] = Enum.EasingDirection.In
						},
					},
					["EasingDirection"] = Enum.EasingDirection.In
				},
			},
			["Markers"] = {}
		},
		[0.0166667] = {
			["Poses"] = {
				["HumanoidRootPart"] = {
					["EasingStyle"] = Enum.EasingStyle.Linear,
					["Weight"] = 0,
					["CFrame"] = CFrame.new(0,0,0,1,0,0,0,1,0,0,0,1),
					["SubPoses"] = {
						["Torso"] = {
							["EasingStyle"] = Enum.EasingStyle.Linear,
							["Weight"] = 1,
							["CFrame"] = CFrame.new(-0.00075537,-0.0967141,-0.161102,0.998117,0.0613322,-0.000918404,-0.0610146,0.991188,-0.117577,-0.00630094,0.117412,0.993063),
							["SubPoses"] = {
								["Head"] = {
									["EasingStyle"] = Enum.EasingStyle.Linear,
									["Weight"] = 1,
									["CFrame"] = CFrame.new(9.12696e-08,-1.49012e-08,0.0166623,0.998271,-0.0530924,0.0252094,0.054392,0.997057,-0.0540221,-0.0222671,0.0552999,0.998221),
									["EasingDirection"] = Enum.EasingDirection.In
								},
								["Left Leg"] = {
									["EasingStyle"] = Enum.EasingStyle.Linear,
									["Weight"] = 1,
									["CFrame"] = CFrame.new(-0.251382,-0.0548041,0.0122705,0.914757,-0.399318,0.061356,0.400099,0.916472,-0.000479127,-0.0560398,0.0249867,0.998116),
									["EasingDirection"] = Enum.EasingDirection.In
								},
								["Right Arm"] = {
									["EasingStyle"] = Enum.EasingStyle.Linear,
									["Weight"] = 1,
									["CFrame"] = CFrame.new(-0.186279,-0.0748196,-0.062573,0.910162,0.280349,-0.304974,-0.213367,0.948298,0.234959,0.355077,-0.148779,0.922922),
									["EasingDirection"] = Enum.EasingDirection.In
								},
								["Right Leg"] = {
									["EasingStyle"] = Enum.EasingStyle.Linear,
									["Weight"] = 1,
									["CFrame"] = CFrame.new(0.00531217,-0.0135149,-0.00346667,0.864024,-0.499705,0.0612973,0.500563,0.865699,0.00155754,-0.0538433,0.0293374,0.998118),
									["EasingDirection"] = Enum.EasingDirection.In
								},
								["Left Arm"] = {
									["EasingStyle"] = Enum.EasingStyle.Linear,
									["Weight"] = 1,
									["CFrame"] = CFrame.new(-0.0501637,-0.141703,0.00148469,0.89459,0.28417,-0.3449,-0.235173,0.955631,0.177379,0.380003,-0.0775708,0.921727),
									["EasingDirection"] = Enum.EasingDirection.In
								},
							},
							["EasingDirection"] = Enum.EasingDirection.In
						},
					},
					["EasingDirection"] = Enum.EasingDirection.In
				},
			},
			["Markers"] = {}
		},
		[0.05] = {
			["Poses"] = {
				["HumanoidRootPart"] = {
					["EasingStyle"] = Enum.EasingStyle.Linear,
					["Weight"] = 0,
					["CFrame"] = CFrame.new(0,0,0,1,0,0,0,1,0,0,0,1),
					["SubPoses"] = {
						["Torso"] = {
							["EasingStyle"] = Enum.EasingStyle.Linear,
							["Weight"] = 1,
							["CFrame"] = CFrame.new(-0.000828595,-0.0989397,-0.163487,0.998272,0.0587518,-0.00100742,-0.0584463,0.991018,-0.120283,-0.00606846,0.120134,0.992739),
							["SubPoses"] = {
								["Head"] = {
									["EasingStyle"] = Enum.EasingStyle.Linear,
									["Weight"] = 1,
									["CFrame"] = CFrame.new(8.47504e-08,-7.45058e-09,0.0166619,0.998395,-0.0512614,0.0240863,0.0524453,0.9973,-0.0514055,-0.0213862,0.0525861,0.998387),
									["EasingDirection"] = Enum.EasingDirection.In
								},
								["Left Leg"] = {
									["EasingStyle"] = Enum.EasingStyle.Linear,
									["Weight"] = 1,
									["CFrame"] = CFrame.new(-0.384796,-0.0648766,0.019382,0.889307,-0.453517,0.0587744,0.454335,0.890831,-0.000612227,-0.0520805,0.0272477,0.998271),
									["EasingDirection"] = Enum.EasingDirection.In
								},
								["Right Arm"] = {
									["EasingStyle"] = Enum.EasingStyle.Linear,
									["Weight"] = 1,
									["CFrame"] = CFrame.new(-0.18057,-0.0763206,-0.0612268,0.910097,0.289652,-0.296354,-0.224653,0.9458,0.234507,0.348217,-0.146847,0.925841),
									["EasingDirection"] = Enum.EasingDirection.In
								},
								["Right Leg"] = {
									["EasingStyle"] = Enum.EasingStyle.Linear,
									["Weight"] = 1,
									["CFrame"] = CFrame.new(0.00387949,-0.0131845,-0.00344616,0.870144,-0.489287,0.0587175,0.49005,0.871693,0.00160712,-0.0519699,0.0273761,0.998273),
									["EasingDirection"] = Enum.EasingDirection.In
								},
								["Left Arm"] = {
									["EasingStyle"] = Enum.EasingStyle.Linear,
									["Weight"] = 1,
									["CFrame"] = CFrame.new(-0.0443395,-0.140408,0.000253499,0.892791,0.296473,-0.339158,-0.248331,0.952077,0.178551,0.37584,-0.0751856,0.923629),
									["EasingDirection"] = Enum.EasingDirection.In
								},
							},
							["EasingDirection"] = Enum.EasingDirection.In
						},
					},
					["EasingDirection"] = Enum.EasingDirection.In
				},
			},
			["Markers"] = {}
		},
		[0.0666667] = {
			["Poses"] = {
				["HumanoidRootPart"] = {
					["EasingStyle"] = Enum.EasingStyle.Linear,
					["Weight"] = 0,
					["CFrame"] = CFrame.new(0,0,0,1,0,0,0,1,0,0,0,1),
					["SubPoses"] = {
						["Torso"] = {
							["EasingStyle"] = Enum.EasingStyle.Linear,
							["Weight"] = 1,
							["CFrame"] = CFrame.new(-0.000858271,-0.100593,-0.162393,0.998503,0.0546796,-0.0010435,-0.0543967,0.991002,-0.122292,-0.00565278,0.122166,0.992494),
							["SubPoses"] = {
								["Head"] = {
									["EasingStyle"] = Enum.EasingStyle.Linear,
									["Weight"] = 1,
									["CFrame"] = CFrame.new(9.59262e-08,2.04891e-08,0.0166622,0.998579,-0.0483676,0.0223618,0.049427,0.997548,-0.0495408,-0.0199108,0.0505757,0.998522),
									["EasingDirection"] = Enum.EasingDirection.In
								},
								["Left Leg"] = {
									["EasingStyle"] = Enum.EasingStyle.Linear,
									["Weight"] = 1,
									["CFrame"] = CFrame.new(-0.502112,-0.0595095,0.0241153,0.869697,-0.490547,0.0546992,0.491316,0.870981,-0.000710814,-0.0472933,0.0274928,0.998503),
									["EasingDirection"] = Enum.EasingDirection.In
								},
								["Right Arm"] = {
									["EasingStyle"] = Enum.EasingStyle.Linear,
									["Weight"] = 1,
									["CFrame"] = CFrame.new(-0.171929,-0.0785818,-0.0591913,0.913899,0.293641,-0.280293,-0.232553,0.944655,0.231399,0.332728,-0.146292,0.931606),
									["EasingDirection"] = Enum.EasingDirection.In
								},
								["Right Leg"] = {
									["EasingStyle"] = Enum.EasingStyle.Linear,
									["Weight"] = 1,
									["CFrame"] = CFrame.new(0.102971,0.0434108,-0.00905806,0.907246,-0.417035,0.054648,0.41758,0.908639,0.00157771,-0.0503132,0.0213885,0.998504),
									["EasingDirection"] = Enum.EasingDirection.In
								},
								["Left Arm"] = {
									["EasingStyle"] = Enum.EasingStyle.Linear,
									["Weight"] = 1,
									["CFrame"] = CFrame.new(-0.0355693,-0.138242,-0.00183684,0.895248,0.30385,-0.325892,-0.257491,0.949719,0.178138,0.363633,-0.0755636,0.928472),
									["EasingDirection"] = Enum.EasingDirection.In
								},
							},
							["EasingDirection"] = Enum.EasingDirection.In
						},
					},
					["EasingDirection"] = Enum.EasingDirection.In
				},
			},
			["Markers"] = {}
		},
		[0.0833333] = {
			["Poses"] = {
				["HumanoidRootPart"] = {
					["EasingStyle"] = Enum.EasingStyle.Linear,
					["Weight"] = 0,
					["CFrame"] = CFrame.new(0,0,0,1,0,0,0,1,0,0,0,1),
					["SubPoses"] = {
						["Torso"] = {
							["EasingStyle"] = Enum.EasingStyle.Linear,
							["Weight"] = 1,
							["CFrame"] = CFrame.new(-0.000831187,-0.101362,-0.157548,0.998783,0.0493013,-0.00101058,-0.0490499,0.991166,-0.123227,-0.0050736,0.123127,0.992378),
							["SubPoses"] = {
								["Head"] = {
									["EasingStyle"] = Enum.EasingStyle.Linear,
									["Weight"] = 1,
									["CFrame"] = CFrame.new(7.26432e-08,-4.47035e-08,0.0166619,0.998805,-0.0445427,0.020113,0.0454792,0.997773,-0.048791,-0.017895,0.0496474,0.998607),
									["EasingDirection"] = Enum.EasingDirection.In
								},
								["Left Leg"] = {
									["EasingStyle"] = Enum.EasingStyle.Linear,
									["Weight"] = 1,
									["CFrame"] = CFrame.new(-0.604346,-0.0385809,0.0263232,0.857407,-0.51227,0.0493167,0.512926,0.858433,-0.000750951,-0.0419504,0.0259397,0.998783),
									["EasingDirection"] = Enum.EasingDirection.In
								},
								["Right Arm"] = {
									["EasingStyle"] = Enum.EasingStyle.Linear,
									["Weight"] = 1,
									["CFrame"] = CFrame.new(-0.160692,-0.0815182,-0.0565484,0.920604,0.293919,-0.257098,-0.238396,0.944479,0.226111,0.309282,-0.146867,0.939561),
									["EasingDirection"] = Enum.EasingDirection.In
								},
								["Right Leg"] = {
									["EasingStyle"] = Enum.EasingStyle.Linear,
									["Weight"] = 1,
									["CFrame"] = CFrame.new(0.188048,0.0901537,-0.0129024,0.938391,-0.342045,0.0492745,0.342393,0.939556,0.00145958,-0.0467953,0.0155015,0.998784),
									["EasingDirection"] = Enum.EasingDirection.In
								},
								["Left Arm"] = {
									["EasingStyle"] = Enum.EasingStyle.Linear,
									["Weight"] = 1,
									["CFrame"] = CFrame.new(-0.0242135,-0.135315,-0.00467807,0.901354,0.307325,-0.305142,-0.263716,0.948376,0.176173,0.343532,-0.0783237,0.935869),
									["EasingDirection"] = Enum.EasingDirection.In
								},
							},
							["EasingDirection"] = Enum.EasingDirection.In
						},
					},
					["EasingDirection"] = Enum.EasingDirection.In
				},
			},
			["Markers"] = {}
		},
		[0.116667] = {
			["Poses"] = {
				["HumanoidRootPart"] = {
					["EasingStyle"] = Enum.EasingStyle.Linear,
					["Weight"] = 0,
					["CFrame"] = CFrame.new(0,0,0,1,0,0,0,1,0,0,0,1),
					["SubPoses"] = {
						["Torso"] = {
							["EasingStyle"] = Enum.EasingStyle.Linear,
							["Weight"] = 1,
							["CFrame"] = CFrame.new(-0.000740986,-0.100935,-0.148686,0.999083,0.0428024,-0.000900916,-0.0425894,0.991529,-0.122708,-0.00435891,0.122634,0.992442),
							["SubPoses"] = {
								["Head"] = {
									["EasingStyle"] = Enum.EasingStyle.Linear,
									["Weight"] = 1,
									["CFrame"] = CFrame.new(9.96515e-08,-3.1665e-08,0.016662,0.999051,-0.0399194,0.0174093,0.040738,0.997942,-0.0495189,-0.0153967,0.0501811,0.998621),
									["EasingDirection"] = Enum.EasingDirection.In
								},
								["Left Leg"] = {
									["EasingStyle"] = Enum.EasingStyle.Linear,
									["Weight"] = 1,
									["CFrame"] = CFrame.new(-0.689825,-0.00277597,0.0259211,0.853628,-0.519121,0.0428132,0.519624,0.854395,-0.000716106,-0.0362077,0.022858,0.999083),
									["EasingDirection"] = Enum.EasingDirection.In
								},
								["Right Arm"] = {
									["EasingStyle"] = Enum.EasingStyle.Linear,
									["Weight"] = 1,
									["CFrame"] = CFrame.new(-0.147202,-0.0850431,-0.0533782,0.929057,0.292052,-0.227066,-0.243458,0.944836,0.219121,0.278534,-0.148295,0.948909),
									["EasingDirection"] = Enum.EasingDirection.In
								},
								["Right Leg"] = {
									["EasingStyle"] = Enum.EasingStyle.Linear,
									["Weight"] = 1,
									["CFrame"] = CFrame.new(0.252849,0.120056,-0.0146195,0.962152,-0.269135,0.0427817,0.26933,0.963047,0.00125194,-0.0415377,0.0103178,0.999084),
									["EasingDirection"] = Enum.EasingDirection.In
								},
								["Left Arm"] = {
									["EasingStyle"] = Enum.EasingStyle.Linear,
									["Weight"] = 1,
									["CFrame"] = CFrame.new(-0.0106342,-0.131737,-0.00815791,0.910248,0.307848,-0.276911,-0.268004,0.947807,0.172728,0.315632,-0.0830121,0.945244),
									["EasingDirection"] = Enum.EasingDirection.In
								},
							},
							["EasingDirection"] = Enum.EasingDirection.In
						},
					},
					["EasingDirection"] = Enum.EasingDirection.In
				},
			},
			["Markers"] = {}
		},
		[0.133333] = {
			["Poses"] = {
				["HumanoidRootPart"] = {
					["EasingStyle"] = Enum.EasingStyle.Linear,
					["Weight"] = 0,
					["CFrame"] = CFrame.new(0,0,0,1,0,0,0,1,0,0,0,1),
					["SubPoses"] = {
						["Torso"] = {
							["EasingStyle"] = Enum.EasingStyle.Linear,
							["Weight"] = 1,
							["CFrame"] = CFrame.new(-0.000594136,-0.0991326,-0.135924,0.999374,0.0353684,-0.000722387,-0.0351977,0.992087,-0.120517,-0.00354583,0.120467,0.992711),
							["SubPoses"] = {
								["Head"] = {
									["EasingStyle"] = Enum.EasingStyle.Linear,
									["Weight"] = 1,
									["CFrame"] = CFrame.new(4.42378e-08,2.98023e-08,0.0166628,0.999298,-0.0346305,0.0143106,0.0353301,0.998026,-0.051923,-0.0124844,0.0523921,0.998549),
									["EasingDirection"] = Enum.EasingDirection.In
								},
								["Left Leg"] = {
									["EasingStyle"] = Enum.EasingStyle.Linear,
									["Weight"] = 1,
									["CFrame"] = CFrame.new(-0.756627,0.0458145,0.0230272,0.858708,-0.511243,0.0353749,0.511581,0.859235,-0.000605852,-0.0300856,0.0186173,0.999374),
									["EasingDirection"] = Enum.EasingDirection.In
								},
								["Right Arm"] = {
									["EasingStyle"] = Enum.EasingStyle.Linear,
									["Weight"] = 1,
									["CFrame"] = CFrame.new(-0.131966,-0.0890197,-0.0497851,0.939419,0.284413,-0.191313,-0.243768,0.946727,0.210442,0.240974,-0.151057,0.958704),
									["EasingDirection"] = Enum.EasingDirection.In
								},
								["Right Leg"] = {
									["EasingStyle"] = Enum.EasingStyle.Linear,
									["Weight"] = 1,
									["CFrame"] = CFrame.new(0.302978,0.134953,-0.0146354,0.979914,-0.196264,0.0353543,0.196352,0.980533,0.000971555,-0.0348567,0.00598981,0.999374),
									["EasingDirection"] = Enum.EasingDirection.In
								},
								["Left Arm"] = {
									["EasingStyle"] = Enum.EasingStyle.Linear,
									["Weight"] = 1,
									["CFrame"] = CFrame.new(0.00466272,-0.127581,-0.012211,0.922139,0.301922,-0.241873,-0.26659,0.949012,0.168246,0.280338,-0.0906653,0.95561),
									["EasingDirection"] = Enum.EasingDirection.In
								},
							},
							["EasingDirection"] = Enum.EasingDirection.In
						},
					},
					["EasingDirection"] = Enum.EasingDirection.In
				},
			},
			["Markers"] = {}
		},
		[0.15] = {
			["Poses"] = {
				["HumanoidRootPart"] = {
					["EasingStyle"] = Enum.EasingStyle.Linear,
					["Weight"] = 0,
					["CFrame"] = CFrame.new(0,0,0,1,0,0,0,1,0,0,0,1),
					["SubPoses"] = {
						["Torso"] = {
							["EasingStyle"] = Enum.EasingStyle.Linear,
							["Weight"] = 1,
							["CFrame"] = CFrame.new(-0.000420962,-0.0963126,-0.120906,0.99963,0.0271847,-0.000511858,-0.0270576,0.992753,-0.117089,-0.00267487,0.117059,0.993121),
							["SubPoses"] = {
								["Head"] = {
									["EasingStyle"] = Enum.EasingStyle.Linear,
									["Weight"] = 1,
									["CFrame"] = CFrame.new(7.12462e-08,3.53903e-08,0.0166622,0.999526,-0.0288099,0.0108745,0.029371,0.998024,-0.0555464,-0.00925274,0.0558395,0.998397),
									["EasingDirection"] = Enum.EasingDirection.In
								},
								["Left Leg"] = {
									["EasingStyle"] = Enum.EasingStyle.Linear,
									["Weight"] = 1,
									["CFrame"] = CFrame.new(-0.803916,0.104097,0.0180007,0.871914,-0.488904,0.0271876,0.489095,0.87223,-0.000451807,-0.023493,0.0136913,0.99963),
									["EasingDirection"] = Enum.EasingDirection.In
								},
								["Right Arm"] = {
									["EasingStyle"] = Enum.EasingStyle.Linear,
									["Weight"] = 1,
									["CFrame"] = CFrame.new(-0.115504,-0.0933172,-0.0458579,0.951781,0.26699,-0.151094,-0.235006,0.951127,0.200321,0.197194,-0.155154,0.968009),
									["EasingDirection"] = Enum.EasingDirection.In
								},
								["Right Leg"] = {
									["EasingStyle"] = Enum.EasingStyle.Linear,
									["Weight"] = 1,
									["CFrame"] = CFrame.new(0.340356,0.136433,-0.0132568,0.991923,-0.123893,0.0271766,0.123921,0.992292,0.000666557,-0.0270496,0.00270653,0.999631),
									["EasingDirection"] = Enum.EasingDirection.In
								},
								["Left Arm"] = {
									["EasingStyle"] = Enum.EasingStyle.Linear,
									["Weight"] = 1,
									["CFrame"] = CFrame.new(0.0211711,-0.122929,-0.016754,0.936886,0.285964,-0.20117,-0.255704,0.952817,0.163572,0.238454,-0.101809,0.965803),
									["EasingDirection"] = Enum.EasingDirection.In
								},
							},
							["EasingDirection"] = Enum.EasingDirection.In
						},
					},
					["EasingDirection"] = Enum.EasingDirection.In
				},
			},
			["Markers"] = {}
		},
		[0.166667] = {
			["Poses"] = {
				["HumanoidRootPart"] = {
					["EasingStyle"] = Enum.EasingStyle.Linear,
					["Weight"] = 0,
					["CFrame"] = CFrame.new(0,0,0,1,0,0,0,1,0,0,0,1),
					["SubPoses"] = {
						["Torso"] = {
							["EasingStyle"] = Enum.EasingStyle.Linear,
							["Weight"] = 1,
							["CFrame"] = CFrame.new(-0.000251549,-0.0929666,-0.105657,0.99983,0.0184372,-0.0003059,-0.0183536,0.993423,-0.113021,-0.0017799,0.113007,0.993593),
							["SubPoses"] = {
								["Head"] = {
									["EasingStyle"] = Enum.EasingStyle.Linear,
									["Weight"] = 1,
									["CFrame"] = CFrame.new(9.12696e-08,1.86265e-08,0.0166625,0.999719,-0.0225914,0.00716516,0.0229798,0.997948,-0.0597705,-0.00580014,0.0599183,0.998186),
									["EasingDirection"] = Enum.EasingDirection.In
								},
								["Left Leg"] = {
									["EasingStyle"] = Enum.EasingStyle.Linear,
									["Weight"] = 1,
									["CFrame"] = CFrame.new(-0.831278,0.167853,0.0113671,0.891575,-0.452499,0.0184376,0.45258,0.891724,-0.000286289,-0.0163118,0.00859972,0.99983),
									["EasingDirection"] = Enum.EasingDirection.In
								},
								["Right Arm"] = {
									["EasingStyle"] = Enum.EasingStyle.Linear,
									["Weight"] = 1,
									["CFrame"] = CFrame.new(-0.0981718,-0.0978574,-0.0416518,0.964659,0.240781,-0.107042,-0.217924,0.957372,0.189597,0.148131,-0.15957,0.97601),
									["EasingDirection"] = Enum.EasingDirection.In
								},
								["Right Leg"] = {
									["EasingStyle"] = Enum.EasingStyle.Linear,
									["Weight"] = 1,
									["CFrame"] = CFrame.new(0.365113,0.126462,-0.0107913,0.998394,-0.0535752,0.0184338,0.0535772,0.998564,0.000383594,-0.0184278,0.000604603,0.99983),
									["EasingDirection"] = Enum.EasingDirection.In
								},
								["Left Arm"] = {
									["EasingStyle"] = Enum.EasingStyle.Linear,
									["Weight"] = 1,
									["CFrame"] = CFrame.new(0.038528,-0.117908,-0.0216441,0.952774,0.260766,-0.155634,-0.236295,0.958513,0.159426,0.19075,-0.115121,0.974865),
									["EasingDirection"] = Enum.EasingDirection.In
								},
							},
							["EasingDirection"] = Enum.EasingDirection.In
						},
					},
					["EasingDirection"] = Enum.EasingDirection.In
				},
			},
			["Markers"] = {}
		},
		[0.2] = {
			["Poses"] = {
				["HumanoidRootPart"] = {
					["EasingStyle"] = Enum.EasingStyle.Linear,
					["Weight"] = 0,
					["CFrame"] = CFrame.new(0,0,0,1,0,0,0,1,0,0,0,1),
					["SubPoses"] = {
						["Torso"] = {
							["EasingStyle"] = Enum.EasingStyle.Linear,
							["Weight"] = 1,
							["CFrame"] = CFrame.new(-0.0001074,-0.0895878,-0.0921955,0.999957,0.00931304,-0.000130656,-0.00927186,0.994008,-0.108913,-0.000884442,0.10891,0.994051),
							["SubPoses"] = {
								["Head"] = {
									["EasingStyle"] = Enum.EasingStyle.Linear,
									["Weight"] = 1,
									["CFrame"] = CFrame.new(1.13505e-07,3.72529e-08,0.0166622,0.999865,-0.0161085,0.00325791,0.0162839,0.997818,-0.0639801,-0.00222014,0.0640245,0.997946),
									["EasingDirection"] = Enum.EasingDirection.In
								},
								["Left Leg"] = {
									["EasingStyle"] = Enum.EasingStyle.Linear,
									["Weight"] = 1,
									["CFrame"] = CFrame.new(-0.838511,0.231411,0.00376582,0.915295,-0.402677,0.00931258,0.402695,0.915334,-0.000131851,-0.00847105,0.00387086,0.999957),
									["EasingDirection"] = Enum.EasingDirection.In
								},
								["Right Arm"] = {
									["EasingStyle"] = Enum.EasingStyle.Linear,
									["Weight"] = 1,
									["CFrame"] = CFrame.new(-0.0803245,-0.102571,-0.0372247,0.976532,0.206864,-0.059941,-0.193351,0.964643,0.179109,0.0948727,-0.163316,0.982002),
									["EasingDirection"] = Enum.EasingDirection.In
								},
								["Right Leg"] = {
									["EasingStyle"] = Enum.EasingStyle.Linear,
									["Weight"] = 1,
									["CFrame"] = CFrame.new(0.375974,0.107326,-0.00759187,0.99988,0.0123521,0.00931239,-0.0123542,0.999924,0.000155479,-0.00930969,-0.000270549,0.999957),
									["EasingDirection"] = Enum.EasingDirection.In
								},
								["Left Arm"] = {
									["EasingStyle"] = Enum.EasingStyle.Linear,
									["Weight"] = 1,
									["CFrame"] = CFrame.new(0.0563748,-0.112656,-0.026738,0.968026,0.227221,-0.106283,-0.20938,0.965227,0.156515,0.138151,-0.129257,0.98194),
									["EasingDirection"] = Enum.EasingDirection.In
								},
							},
							["EasingDirection"] = Enum.EasingDirection.In
						},
					},
					["EasingDirection"] = Enum.EasingDirection.In
				},
			},
			["Markers"] = {}
		},
		[0.216667] = {
			["Poses"] = {
				["HumanoidRootPart"] = {
					["EasingStyle"] = Enum.EasingStyle.Linear,
					["Weight"] = 0,
					["CFrame"] = CFrame.new(0,0,0,1,0,0,0,1,0,0,0,1),
					["SubPoses"] = {
						["Torso"] = {
							["EasingStyle"] = Enum.EasingStyle.Linear,
							["Weight"] = 1,
							["CFrame"] = CFrame.new(4.38298e-11,-0.086671,-0.0825329,1,2.42153e-07,-8.73695e-08,-2.5001e-07,0.994433,-0.105367,6.13681e-08,0.105367,0.994433),
							["SubPoses"] = {
								["Head"] = {
									["EasingStyle"] = Enum.EasingStyle.Linear,
									["Weight"] = 1,
									["CFrame"] = CFrame.new(5.14556e-08,1.86265e-08,0.0166624,0.999955,-0.00949383,-0.00075961,0.00942096,0.997671,-0.0675644,0.00139922,0.0675542,0.997715),
									["EasingDirection"] = Enum.EasingDirection.In
								},
								["Left Leg"] = {
									["EasingStyle"] = Enum.EasingStyle.Linear,
									["Weight"] = 1,
									["CFrame"] = CFrame.new(-0.826585,0.288615,-0.00409558,0.940174,-0.340694,-2.60589e-07,0.340694,0.940174,-5.58936e-08,2.3073e-07,-4.39737e-08,1),
									["EasingDirection"] = Enum.EasingDirection.In
								},
								["Right Arm"] = {
									["EasingStyle"] = Enum.EasingStyle.Linear,
									["Weight"] = 1,
									["CFrame"] = CFrame.new(-0.0623098,-0.107388,-0.0326373,0.98599,0.16646,-0.010751,-0.162258,0.972059,0.16963,0.0386871,-0.165509,0.985449),
									["EasingDirection"] = Enum.EasingDirection.In
								},
								["Right Leg"] = {
									["EasingStyle"] = Enum.EasingStyle.Linear,
									["Weight"] = 1,
									["CFrame"] = CFrame.new(0.371527,0.0820597,-0.00409535,0.997445,0.0714432,8.69028e-07,-0.0714433,0.997445,7.92291e-08,-8.03403e-07,-1.34249e-07,1),
									["EasingDirection"] = Enum.EasingDirection.In
								},
								["Left Arm"] = {
									["EasingStyle"] = Enum.EasingStyle.Linear,
									["Weight"] = 1,
									["CFrame"] = CFrame.new(0.0743607,-0.107308,-0.0318953,0.980965,0.186423,-0.054348,-0.176109,0.972017,0.15546,0.0818084,-0.14293,0.986346),
									["EasingDirection"] = Enum.EasingDirection.In
								},
							},
							["EasingDirection"] = Enum.EasingDirection.In
						},
					},
					["EasingDirection"] = Enum.EasingDirection.In
				},
			},
			["Markers"] = {}
		},
		[0.233333] = {
			["Poses"] = {
				["HumanoidRootPart"] = {
					["EasingStyle"] = Enum.EasingStyle.Linear,
					["Weight"] = 0,
					["CFrame"] = CFrame.new(0,0,0,1,0,0,0,1,0,0,0,1),
					["SubPoses"] = {
						["Torso"] = {
							["EasingStyle"] = Enum.EasingStyle.Linear,
							["Weight"] = 1,
							["CFrame"] = CFrame.new(7.10548e-05,-0.0846139,-0.078192,0.999957,-0.00931292,8.6295e-05,0.00927239,0.994652,-0.102867,0.000872155,0.102863,0.994695),
							["SubPoses"] = {
								["Head"] = {
									["EasingStyle"] = Enum.EasingStyle.Linear,
									["Weight"] = 1,
									["CFrame"] = CFrame.new(7.4273e-08,-3.35276e-08,0.0166621,0.999984,-0.00287986,-0.00478942,0.00253743,0.997541,-0.0700372,0.00497932,0.0700239,0.997533),
									["EasingDirection"] = Enum.EasingDirection.In
								},
								["Left Leg"] = {
									["EasingStyle"] = Enum.EasingStyle.Linear,
									["Weight"] = 1,
									["CFrame"] = CFrame.new(-0.797512,0.333662,-0.0115384,0.963238,-0.268488,-0.0093124,0.268501,0.96328,0.00011102,0.00894059,-0.00260734,0.999957),
									["EasingDirection"] = Enum.EasingDirection.In
								},
								["Right Arm"] = {
									["EasingStyle"] = Enum.EasingStyle.Linear,
									["Weight"] = 1,
									["CFrame"] = CFrame.new(-0.0444692,-0.112237,-0.0279596,0.991875,0.120962,0.0394029,-0.125792,0.978771,0.161814,-0.0189931,-0.165456,0.986034),
									["EasingDirection"] = Enum.EasingDirection.In
								},
								["Right Leg"] = {
									["EasingStyle"] = Enum.EasingStyle.Linear,
									["Weight"] = 1,
									["CFrame"] = CFrame.new(0.350282,0.0541305,-0.000806928,0.992576,0.121268,-0.00931264,-0.121274,0.992619,-8.30701e-05,0.00923389,0.00121182,0.999957),
									["EasingDirection"] = Enum.EasingDirection.In
								},
								["Left Arm"] = {
									["EasingStyle"] = Enum.EasingStyle.Linear,
									["Weight"] = 1,
									["CFrame"] = CFrame.new(0.0921444,-0.102001,-0.0369819,0.990191,0.139719,-0.0012469,-0.137799,0.977984,0.156714,0.0231153,-0.155005,0.987643),
									["EasingDirection"] = Enum.EasingDirection.In
								},
							},
							["EasingDirection"] = Enum.EasingDirection.In
						},
					},
					["EasingDirection"] = Enum.EasingDirection.In
				},
			},
			["Markers"] = {}
		},
		[0.266667] = {
			["Poses"] = {
				["HumanoidRootPart"] = {
					["EasingStyle"] = Enum.EasingStyle.Linear,
					["Weight"] = 0,
					["CFrame"] = CFrame.new(0,0,0,1,0,0,0,1,0,0,0,1),
					["SubPoses"] = {
						["Torso"] = {
							["EasingStyle"] = Enum.EasingStyle.Linear,
							["Weight"] = 1,
							["CFrame"] = CFrame.new(0.000118119,-0.0834243,-0.0787725,0.99983,-0.0184382,0.000143512,0.0183576,0.994674,-0.10142,0.00172726,0.101406,0.994844),
							["SubPoses"] = {
								["Head"] = {
									["EasingStyle"] = Enum.EasingStyle.Linear,
									["Weight"] = 1,
									["CFrame"] = CFrame.new(9.77889e-08,-2.98023e-08,0.0166623,0.999955,0.0036013,-0.00873687,-0.00421602,0.997439,-0.0713934,0.00845741,0.071427,0.99741),
									["EasingDirection"] = Enum.EasingDirection.In
								},
								["Left Leg"] = {
									["EasingStyle"] = Enum.EasingStyle.Linear,
									["Weight"] = 1,
									["CFrame"] = CFrame.new(-0.754653,0.362599,-0.018005,0.981784,-0.189106,-0.0184356,0.189142,0.98195,0.000216494,0.0180619,-0.00369951,0.99983),
									["EasingDirection"] = Enum.EasingDirection.In
								},
								["Right Arm"] = {
									["EasingStyle"] = Enum.EasingStyle.Linear,
									["Weight"] = 1,
									["CFrame"] = CFrame.new(-0.0271384,-0.117044,-0.02327,0.993407,0.0719171,0.0892754,-0.0852712,0.984048,0.156137,-0.0766223,-0.162721,0.983693),
									["EasingDirection"] = Enum.EasingDirection.In
								},
								["Right Leg"] = {
									["EasingStyle"] = Enum.EasingStyle.Linear,
									["Weight"] = 1,
									["CFrame"] = CFrame.new(0.311415,0.027245,0.00173581,0.986926,0.160119,-0.0184389,-0.160148,0.987093,-0.000111719,0.0181831,0.00306318,0.99983),
									["EasingDirection"] = Enum.EasingDirection.In
								},
								["Left Arm"] = {
									["EasingStyle"] = Enum.EasingStyle.Linear,
									["Weight"] = 1,
									["CFrame"] = CFrame.new(0.109394,-0.0968645,-0.0418736,0.994726,0.0887101,0.05148,-0.0959142,0.982363,0.160507,-0.0363336,-0.164598,0.985691),
									["EasingDirection"] = Enum.EasingDirection.In
								},
							},
							["EasingDirection"] = Enum.EasingDirection.In
						},
					},
					["EasingDirection"] = Enum.EasingDirection.In
				},
			},
			["Markers"] = {}
		},
		[0.283333] = {
			["Poses"] = {
				["HumanoidRootPart"] = {
					["EasingStyle"] = Enum.EasingStyle.Linear,
					["Weight"] = 0,
					["CFrame"] = CFrame.new(0,0,0,1,0,0,0,1,0,0,0,1),
					["SubPoses"] = {
						["Torso"] = {
							["EasingStyle"] = Enum.EasingStyle.Linear,
							["Weight"] = 1,
							["CFrame"] = CFrame.new(0.00015428,-0.0830117,-0.0833957,0.99963,-0.0271876,0.000187474,0.0270677,0.994526,-0.100919,0.00255729,0.100887,0.994895),
							["SubPoses"] = {
								["Head"] = {
									["EasingStyle"] = Enum.EasingStyle.Linear,
									["Weight"] = 1,
									["CFrame"] = CFrame.new(9.63919e-08,-4.09782e-08,0.0166618,0.999874,0.00981716,-0.012511,-0.0106904,0.997365,-0.0717518,0.0117737,0.0718764,0.997344),
									["EasingDirection"] = Enum.EasingDirection.In
								},
								["Left Leg"] = {
									["EasingStyle"] = Enum.EasingStyle.Linear,
									["Weight"] = 1,
									["CFrame"] = CFrame.new(-0.701284,0.373783,-0.0231054,0.994038,-0.105588,-0.0271826,0.105636,0.994405,0.000329666,0.0269957,-0.00319917,0.99963),
									["EasingDirection"] = Enum.EasingDirection.In
								},
								["Right Arm"] = {
									["EasingStyle"] = Enum.EasingStyle.Linear,
									["Weight"] = 1,
									["CFrame"] = CFrame.new(-0.0106494,-0.121725,-0.0186594,0.99027,0.0209688,0.137572,-0.0421424,0.987349,0.152857,-0.132626,-0.157167,0.978626),
									["EasingDirection"] = Enum.EasingDirection.In
								},
								["Right Leg"] = {
									["EasingStyle"] = Enum.EasingStyle.Linear,
									["Weight"] = 1,
									["CFrame"] = CFrame.new(0.253794,0.00502568,0.00299269,0.982131,0.186227,-0.0271901,-0.186298,0.982493,-0.000106471,0.0266944,0.00516999,0.99963),
									["EasingDirection"] = Enum.EasingDirection.In
								},
								["Left Arm"] = {
									["EasingStyle"] = Enum.EasingStyle.Linear,
									["Weight"] = 1,
									["CFrame"] = CFrame.new(0.125784,-0.0920179,-0.0464592,0.994134,0.0351927,0.102268,-0.052015,0.984617,0.166802,-0.0948249,-0.171144,0.980672),
									["EasingDirection"] = Enum.EasingDirection.In
								},
							},
							["EasingDirection"] = Enum.EasingDirection.In
						},
					},
					["EasingDirection"] = Enum.EasingDirection.In
				},
			},
			["Markers"] = {}
		},
		[0.3] = {
			["Poses"] = {
				["HumanoidRootPart"] = {
					["EasingStyle"] = Enum.EasingStyle.Linear,
					["Weight"] = 0,
					["CFrame"] = CFrame.new(0,0,0,1,0,0,0,1,0,0,0,1),
					["SubPoses"] = {
						["Torso"] = {
							["EasingStyle"] = Enum.EasingStyle.Linear,
							["Weight"] = 1,
							["CFrame"] = CFrame.new(0.000190429,-0.0832853,-0.0911858,0.999374,-0.0353737,0.000231421,0.0352153,0.994237,-0.101251,0.00335155,0.101196,0.994861),
							["SubPoses"] = {
								["Head"] = {
									["EasingStyle"] = Enum.EasingStyle.Linear,
									["Weight"] = 1,
									["CFrame"] = CFrame.new(1.00583e-07,-4.84288e-08,0.0166621,0.999749,0.0156354,-0.0160238,-0.0167391,0.997319,-0.0712351,0.0148671,0.0714853,0.997331),
									["EasingDirection"] = Enum.EasingDirection.In
								},
								["Left Leg"] = {
									["EasingStyle"] = Enum.EasingStyle.Linear,
									["Weight"] = 1,
									["CFrame"] = CFrame.new(-0.639515,0.366992,-0.0265845,0.999167,-0.020356,-0.0353653,0.0203849,0.999792,0.000458667,0.0353486,-0.00117921,0.999374),
									["EasingDirection"] = Enum.EasingDirection.In
								},
								["Right Arm"] = {
									["EasingStyle"] = Enum.EasingStyle.Linear,
									["Weight"] = 1,
									["CFrame"] = CFrame.new(0.00466567,-0.126186,-0.0142301,0.982643,-0.0302242,0.18303,0.00209018,0.98838,0.151992,-0.185497,-0.148971,0.971287),
									["EasingDirection"] = Enum.EasingDirection.In
								},
								["Right Leg"] = {
									["EasingStyle"] = Enum.EasingStyle.Linear,
									["Weight"] = 1,
									["CFrame"] = CFrame.new(0.173931,-0.00885916,0.00237262,0.979844,0.196608,-0.0353788,-0.196735,0.980457,-8.6353e-05,0.0346704,0.00704478,0.999374),
									["EasingDirection"] = Enum.EasingDirection.In
								},
								["Left Arm"] = {
									["EasingStyle"] = Enum.EasingStyle.Linear,
									["Weight"] = 1,
									["CFrame"] = CFrame.new(0.14099,-0.0875699,-0.0506412,0.988559,-0.0189441,0.149639,-0.00766876,0.984486,0.175298,-0.150638,-0.17444,0.973077),
									["EasingDirection"] = Enum.EasingDirection.In
								},
							},
							["EasingDirection"] = Enum.EasingDirection.In
						},
					},
					["EasingDirection"] = Enum.EasingDirection.In
				},
			},
			["Markers"] = {}
		},
		[0.333333] = {
			["Poses"] = {
				["HumanoidRootPart"] = {
					["EasingStyle"] = Enum.EasingStyle.Linear,
					["Weight"] = 0,
					["CFrame"] = CFrame.new(0,0,0,1,0,0,0,1,0,0,0,1),
					["SubPoses"] = {
						["Torso"] = {
							["EasingStyle"] = Enum.EasingStyle.Linear,
							["Weight"] = 1,
							["CFrame"] = CFrame.new(0.00023479,-0.0841537,-0.101268,0.999083,-0.0428098,0.000285351,0.0426143,0.99384,-0.102307,0.00409615,0.102225,0.994753),
							["SubPoses"] = {
								["Head"] = {
									["EasingStyle"] = Enum.EasingStyle.Linear,
									["Weight"] = 1,
									["CFrame"] = CFrame.new(1.1269e-07,1.49012e-08,0.0166619,0.999597,0.0209233,-0.0191908,-0.0222187,0.997302,-0.0699697,0.017675,0.0703679,0.997364),
									["EasingDirection"] = Enum.EasingDirection.In
								},
								["Left Leg"] = {
									["EasingStyle"] = Enum.EasingStyle.Linear,
									["Weight"] = 1,
									["CFrame"] = CFrame.new(-0.570633,0.343395,-0.0282934,0.99699,0.0646424,-0.0427973,-0.0646758,0.997906,0.00060652,0.0427468,0.00216326,0.999084),
									["EasingDirection"] = Enum.EasingDirection.In
								},
								["Right Arm"] = {
									["EasingStyle"] = Enum.EasingStyle.Linear,
									["Weight"] = 1,
									["CFrame"] = CFrame.new(0.0184721,-0.130326,-0.0100951,0.971179,-0.0800776,0.224496,0.0459471,0.987106,0.153331,-0.23388,-0.138597,0.962336),
									["EasingDirection"] = Enum.EasingDirection.In
								},
								["Right Leg"] = {
									["EasingStyle"] = Enum.EasingStyle.Linear,
									["Weight"] = 1,
									["CFrame"] = CFrame.new(0.0527898,-0.00845969,-0.00137722,0.982711,0.180126,-0.0428181,-0.180294,0.983613,-6.78673e-05,0.0421043,0.0077865,0.999083),
									["EasingDirection"] = Enum.EasingDirection.In
								},
								["Left Arm"] = {
									["EasingStyle"] = Enum.EasingStyle.Linear,
									["Weight"] = 1,
									["CFrame"] = CFrame.new(0.154689,-0.0836206,-0.0543345,0.978705,-0.0718341,0.192292,0.0356406,0.982008,0.185447,-0.202154,-0.174645,0.963656),
									["EasingDirection"] = Enum.EasingDirection.In
								},
							},
							["EasingDirection"] = Enum.EasingDirection.In
						},
					},
					["EasingDirection"] = Enum.EasingDirection.In
				},
			},
			["Markers"] = {}
		},
		[0.35] = {
			["Poses"] = {
				["HumanoidRootPart"] = {
					["EasingStyle"] = Enum.EasingStyle.Linear,
					["Weight"] = 0,
					["CFrame"] = CFrame.new(0,0,0,1,0,0,0,1,0,0,0,1),
					["SubPoses"] = {
						["Torso"] = {
							["EasingStyle"] = Enum.EasingStyle.Linear,
							["Weight"] = 1,
							["CFrame"] = CFrame.new(0.000292613,-0.0855258,-0.112769,0.998784,-0.0493095,0.000355648,0.0490792,0.993368,-0.103975,0.00477368,0.103866,0.99458),
							["SubPoses"] = {
								["Head"] = {
									["EasingStyle"] = Enum.EasingStyle.Linear,
									["Weight"] = 1,
									["CFrame"] = CFrame.new(9.87202e-08,2.98023e-08,0.0166622,0.999433,0.0255484,-0.0219316,-0.0269884,0.997315,-0.0680848,0.0201332,0.0686381,0.997438),
									["EasingDirection"] = Enum.EasingDirection.In
								},
								["Left Leg"] = {
									["EasingStyle"] = Enum.EasingStyle.Linear,
									["Weight"] = 1,
									["CFrame"] = CFrame.new(-0.495022,0.304845,-0.0281582,0.987767,0.147942,-0.0492925,-0.148084,0.988975,0.000771637,0.0488632,0.00653723,0.998784),
									["EasingDirection"] = Enum.EasingDirection.In
								},
								["Right Arm"] = {
									["EasingStyle"] = Enum.EasingStyle.Linear,
									["Weight"] = 1,
									["CFrame"] = CFrame.new(0.0304289,-0.134031,-0.00637621,0.956934,-0.127157,0.260977,0.088049,0.983751,0.156464,-0.276632,-0.126747,0.952581),
									["EasingDirection"] = Enum.EasingDirection.In
								},
								["Right Leg"] = {
									["EasingStyle"] = Enum.EasingStyle.Linear,
									["Weight"] = 1,
									["CFrame"] = CFrame.new(-0.0517219,0.00453675,-0.00604343,0.985032,0.165168,-0.0493211,-0.165372,0.986231,-6.44427e-05,0.0486314,0.00821976,0.998783),
									["EasingDirection"] = Enum.EasingDirection.In
								},
								["Left Arm"] = {
									["EasingStyle"] = Enum.EasingStyle.Linear,
									["Weight"] = 1,
									["CFrame"] = CFrame.new(0.16655,-0.0802566,-0.0574664,0.965742,-0.121741,0.229174,0.0765902,0.977505,0.196516,-0.247943,-0.172231,0.953342),
									["EasingDirection"] = Enum.EasingDirection.In
								},
							},
							["EasingDirection"] = Enum.EasingDirection.In
						},
					},
					["EasingDirection"] = Enum.EasingDirection.In
				},
			},
			["Markers"] = {}
		},
		[0.366667] = {
			["Poses"] = {
				["HumanoidRootPart"] = {
					["EasingStyle"] = Enum.EasingStyle.Linear,
					["Weight"] = 0,
					["CFrame"] = CFrame.new(0,0,0,1,0,0,0,1,0,0,0,1),
					["SubPoses"] = {
						["Torso"] = {
							["EasingStyle"] = Enum.EasingStyle.Linear,
							["Weight"] = 1,
							["CFrame"] = CFrame.new(0.000366052,-0.0873102,-0.124816,0.998503,-0.0546872,0.000444928,0.0544254,0.99286,-0.106145,0.00536299,0.10601,0.994351),
							["SubPoses"] = {
								["Head"] = {
									["EasingStyle"] = Enum.EasingStyle.Linear,
									["Weight"] = 1,
									["CFrame"] = CFrame.new(9.03383e-08,-4.47035e-08,0.0166621,0.999276,0.0293782,-0.0241699,-0.0309112,0.99736,-0.0657111,0.0221756,0.0664106,0.997546),
									["EasingDirection"] = Enum.EasingDirection.In
								},
								["Left Leg"] = {
									["EasingStyle"] = Enum.EasingStyle.Linear,
									["Weight"] = 1,
									["CFrame"] = CFrame.new(-0.41236,0.253583,-0.0261696,0.972018,0.228458,-0.0546656,-0.228749,0.973485,0.000948775,0.0534329,0.0115825,0.998504),
									["EasingDirection"] = Enum.EasingDirection.In
								},
								["Right Arm"] = {
									["EasingStyle"] = Enum.EasingStyle.Linear,
									["Weight"] = 1,
									["CFrame"] = CFrame.new(0.0401877,-0.137182,-0.00320131,0.941253,-0.170223,0.291661,0.12717,0.978755,0.16083,-0.312842,-0.114292,0.942904),
									["EasingDirection"] = Enum.EasingDirection.In
								},
								["Right Leg"] = {
									["EasingStyle"] = Enum.EasingStyle.Linear,
									["Weight"] = 1,
