return {
	["Keyframes"] = {
		[0] = {
			["Poses"] = {
				["HumanoidRootPart"] = {
					["EasingStyle"] = Enum.EasingStyle.Linear,
					["Weight"] = 0,
					["CFrame"] = CFrame.new(0,0,0,1,0,0,0,1,0,0,0,1),
					["SubPoses"] = {
						["Torso"] = {
							["EasingStyle"] = Enum.EasingStyle.Linear,
							["Weight"] = 1,
							["CFrame"] = CFrame.new(0,0,0,1,0,0,0,0.999209,-0.0397597,0,0.0397597,0.999209),
							["SubPoses"] = {
								["Left Leg"] = {
									["EasingStyle"] = Enum.EasingStyle.Linear,
									["Weight"] = 1,
									["CFrame"] = CFrame.new(-1.30087e-05,7.7486e-07,0,0.997326,0.0730746,-1.06581e-14,-0.0730746,0.997326,4.44089e-16,1.06597e-14,2.80076e-16,1),
									["EasingDirection"] = Enum.EasingDirection.In
								},
								["Right Arm"] = {
									["EasingStyle"] = Enum.EasingStyle.Linear,
									["Weight"] = 1,
									["CFrame"] = CFrame.new(-2.75224e-05,4.76837e-07,3.33786e-06,0.993775,-0.0245785,-0.108663,0.0244328,0.999698,-0.00267153,0.108696,-5.78584e-08,0.994075),
									["EasingDirection"] = Enum.EasingDirection.In
								},
								["Left Arm"] = {
									["EasingStyle"] = Enum.EasingStyle.Linear,
									["Weight"] = 1,
									["CFrame"] = CFrame.new(-3.20468e-05,-8.04663e-07,-6.90222e-05,0.998687,0.0272201,0.0434066,-0.0272458,0.999629,-6.36921e-07,-0.0433905,-0.00118201,0.999057),
									["EasingDirection"] = Enum.EasingDirection.In
								},
								["Right Leg"] = {
									["EasingStyle"] = Enum.EasingStyle.Linear,
									["Weight"] = 1,
									["CFrame"] = CFrame.new(-3.84375e-05,1.2517e-06,0,0.997344,-0.0728419,1.77636e-14,0.0728419,0.997343,8.88178e-16,-2.13096e-14,8.53814e-16,1),
									["EasingDirection"] = Enum.EasingDirection.In
								},
								["Head"] = {
									["EasingStyle"] = Enum.EasingStyle.Linear,
									["Weight"] = 1,
									["CFrame"] = CFrame.new(0,0,0,1,0,0,0,1,0,0,0,1),
									["EasingDirection"] = Enum.EasingDirection.In
								},
							},
							["EasingDirection"] = Enum.EasingDirection.In
						},
					},
					["EasingDirection"] = Enum.EasingDirection.In
				},
			},
			["Markers"] = {}
		},
		[0.1] = {
			["Poses"] = {
				["HumanoidRootPart"] = {
					["EasingStyle"] = Enum.EasingStyle.Linear,
					["Weight"] = 0,
					["CFrame"] = CFrame.new(0,0,0,1,0,0,0,1,0,0,0,1),
					["SubPoses"] = {
						["Torso"] = {
							["EasingStyle"] = Enum.EasingStyle.Linear,
							["Weight"] = 1,
							["CFrame"] = CFrame.new(0,0,0,1,0,0,0,0.999209,-0.0397597,0,0.0397597,0.999209),
							["SubPoses"] = {
								["Left Leg"] = {
									["EasingStyle"] = Enum.EasingStyle.Linear,
									["Weight"] = 1,
									["CFrame"] = CFrame.new(-1.30087e-05,7.7486e-07,0,0.997326,0.0730746,-1.06581e-14,-0.0730746,0.997326,4.44089e-16,1.06597e-14,2.80076e-16,1),
									["EasingDirection"] = Enum.EasingDirection.In
								},
								["Right Arm"] = {
									["EasingStyle"] = Enum.EasingStyle.Linear,
									["Weight"] = 1,
									["CFrame"] = CFrame.new(-2.75224e-05,4.76837e-07,3.33786e-06,0.993775,-0.0245785,-0.108663,0.0244328,0.999698,-0.00267153,0.108696,-5.78584e-08,0.994075),
									["EasingDirection"] = Enum.EasingDirection.In
								},
								["Left Arm"] = {
									["EasingStyle"] = Enum.EasingStyle.Linear,
									["Weight"] = 1,
									["CFrame"] = CFrame.new(-3.20468e-05,-8.04663e-07,-6.90222e-05,0.998687,0.0272201,0.0434066,-0.0272458,0.999629,-6.36921e-07,-0.0433905,-0.00118201,0.999057),
									["EasingDirection"] = Enum.EasingDirection.In
								},
								["Right Leg"] = {
									["EasingStyle"] = Enum.EasingStyle.Linear,
									["Weight"] = 1,
									["CFrame"] = CFrame.new(-3.84375e-05,1.2517e-06,0,0.997344,-0.0728419,1.77636e-14,0.0728419,0.997343,8.88178e-16,-2.13096e-14,8.53814e-16,1),
									["EasingDirection"] = Enum.EasingDirection.In
								},
							},
							["EasingDirection"] = Enum.EasingDirection.In
						},
					},
					["EasingDirection"] = Enum.EasingDirection.In
				},
			},
			["Markers"] = {}
		},
		[0.166667] = {
			["Poses"] = {
				["HumanoidRootPart"] = {
					["EasingStyle"] = Enum.EasingStyle.Linear,
					["Weight"] = 0,
					["CFrame"] = CFrame.new(0,0,0,1,0,0,0,1,0,0,0,1),
					["SubPoses"] = {
						["Torso"] = {
							["EasingStyle"] = Enum.EasingStyle.Linear,
							["Weight"] = 1,
							["CFrame"] = CFrame.new(0,0.0699527,-0.00256182,1,0,0,0,0.99933,0.0365987,0,-0.0365987,0.99933),
							["SubPoses"] = {
								["Left Leg"] = {
									["EasingStyle"] = Enum.EasingStyle.Linear,
									["Weight"] = 1,
									["CFrame"] = CFrame.new(-0.144771,0.174504,0,0.987954,0.15475,0,-0.15475,0.987953,2.22045e-15,7.10543e-15,0,1),
									["EasingDirection"] = Enum.EasingDirection.In
								},
								["Right Arm"] = {
									["EasingStyle"] = Enum.EasingStyle.Linear,
									["Weight"] = 1,
									["CFrame"] = CFrame.new(-8.68589e-05,3.75509e-06,1.60933e-06,0.960689,-0.255472,-0.108675,0.25671,0.966484,-0.00267237,0.105715,-0.0253306,0.994074),
									["EasingDirection"] = Enum.EasingDirection.In
								},
								["Right Leg"] = {
									["EasingStyle"] = Enum.EasingStyle.Linear,
									["Weight"] = 1,
									["CFrame"] = CFrame.new(-8.09133e-05,3.99351e-06,0,0.999496,0.0317469,1.42109e-14,-0.0317469,0.999496,4.44089e-16,-2.13147e-14,-4.90724e-16,1),
									["EasingDirection"] = Enum.EasingDirection.In
								},
								["Head"] = {
									["EasingStyle"] = Enum.EasingStyle.Linear,
									["Weight"] = 1,
									["CFrame"] = CFrame.new(0,1.78814e-07,-1.19209e-07,1,0,0,0,0.998379,-0.0569133,0,0.0569133,0.998379),
									["EasingDirection"] = Enum.EasingDirection.In
								},
							},
							["EasingDirection"] = Enum.EasingDirection.In
						},
					},
					["EasingDirection"] = Enum.EasingDirection.In
				},
			},
			["Markers"] = {}
		},
		[0.233333] = {
			["Poses"] = {
				["HumanoidRootPart"] = {
					["EasingStyle"] = Enum.EasingStyle.Linear,
					["Weight"] = 0,
					["CFrame"] = CFrame.new(0,0,0,1,0,0,0,1,0,0,0,1),
					["SubPoses"] = {
						["Torso"] = {
							["EasingStyle"] = Enum.EasingStyle.Linear,
							["Weight"] = 1,
							["CFrame"] = CFrame.new(0,0.149695,-0.00904678,1,0,0,0,0.996709,0.0810614,0,-0.0810614,0.996709),
							["SubPoses"] = {
								["Left Leg"] = {
									["EasingStyle"] = Enum.EasingStyle.Linear,
									["Weight"] = 1,
									["CFrame"] = CFrame.new(-0.12851,0.373832,0,0.999927,-0.0120808,-1.77636e-14,0.0120808,0.999927,5.27356e-15,2.12641e-14,-5.32013e-15,1),
									["EasingDirection"] = Enum.EasingDirection.In
								},
								["Right Arm"] = {
									["EasingStyle"] = Enum.EasingStyle.Linear,
									["Weight"] = 1,
									["CFrame"] = CFrame.new(-0.210564,-0.150861,-0.023404,0.809437,-0.577062,-0.108677,0.58026,0.814426,-0.00267283,0.0900517,-0.0608973,0.994074),
									["EasingDirection"] = Enum.EasingDirection.In
								},
								["Left Arm"] = {
									["EasingStyle"] = Enum.EasingStyle.Linear,
									["Weight"] = 1,
									["CFrame"] = CFrame.new(-4.94421e-05,3.27826e-07,-8.78572e-05,0.981422,-0.186881,0.0434281,0.187057,0.982349,-5.67374e-07,-0.0426615,0.00812411,0.999057),
									["EasingDirection"] = Enum.EasingDirection.In
								},
								["Head"] = {
									["EasingStyle"] = Enum.EasingStyle.Linear,
									["Weight"] = 1,
									["CFrame"] = CFrame.new(0,-1.52886e-05,-1.3113e-06,1,0,0,0,0.986696,-0.162575,0,0.162575,0.986696),
									["EasingDirection"] = Enum.EasingDirection.In
								},
							},
							["EasingDirection"] = Enum.EasingDirection.In
						},
					},
					["EasingDirection"] = Enum.EasingDirection.In
				},
			},
			["Markers"] = {}
		},
		[0.3] = {
			["Poses"] = {
				["HumanoidRootPart"] = {
					["EasingStyle"] = Enum.EasingStyle.Linear,
					["Weight"] = 0,
					["CFrame"] = CFrame.new(0,0,0,1,0,0,0,1,0,0,0,1),
					["SubPoses"] = {
						["Torso"] = {
							["EasingStyle"] = Enum.EasingStyle.Linear,
							["Weight"] = 1,
							["CFrame"] = CFrame.new(0,0.199496,-0.0135375,1,0,0,0,0.995958,0.0898165,0,-0.0898165,0.995958),
							["SubPoses"] = {
								["Left Leg"] = {
									["EasingStyle"] = Enum.EasingStyle.Linear,
									["Weight"] = 1,
									["CFrame"] = CFrame.new(-0.144846,0.174517,0,0.98286,-0.184354,9.9476e-14,0.184354,0.98286,3.01981e-14,-1.1026e-13,-1.02711e-14,1),
									["EasingDirection"] = Enum.EasingDirection.In
								},
								["Right Arm"] = {
									["EasingStyle"] = Enum.EasingStyle.Linear,
									["Weight"] = 1,
									["CFrame"] = CFrame.new(0.096752,-0.500683,0.00927141,0.0909324,-0.990555,0.102623,0.995777,0.0891352,-0.0219738,0.0126189,0.104188,0.994478),
									["EasingDirection"] = Enum.EasingDirection.In
								},
								["Head"] = {
									["EasingStyle"] = Enum.EasingStyle.Linear,
									["Weight"] = 1,
									["CFrame"] = CFrame.new(4.42378e-09,-3.47942e-06,1.81794e-06,0.996752,0.0805274,-8.84756e-09,-0.0791283,0.979434,-0.185601,-0.014946,0.184998,0.982625),
									["EasingDirection"] = Enum.EasingDirection.In
								},
							},
							["EasingDirection"] = Enum.EasingDirection.In
						},
					},
					["EasingDirection"] = Enum.EasingDirection.In
				},
			},
			["Markers"] = {}
		},
		[0.366667] = {
			["Poses"] = {
				["HumanoidRootPart"] = {
					["EasingStyle"] = Enum.EasingStyle.Linear,
					["Weight"] = 0,
					["CFrame"] = CFrame.new(0,0,0,1,0,0,0,1,0,0,0,1),
					["SubPoses"] = {
						["Torso"] = {
							["EasingStyle"] = Enum.EasingStyle.Linear,
							["Weight"] = 1,
							["CFrame"] = CFrame.new(0,0.239338,-0.0171299,1,0,0,0,0.995115,0.0987185,0,-0.0987185,0.995115),
							["SubPoses"] = {
								["Left Leg"] = {
									["EasingStyle"] = Enum.EasingStyle.Linear,
									["Weight"] = 1,
									["CFrame"] = CFrame.new(-0.11532,0.0685453,1.5099e-16,0.963224,-0.268699,1.06581e-14,0.268699,0.963224,2.04281e-14,-2.13163e-14,-1.5099e-14,1),
									["EasingDirection"] = Enum.EasingDirection.In
								},
								["Right Arm"] = {
									["EasingStyle"] = Enum.EasingStyle.Linear,
									["Weight"] = 1,
									["CFrame"] = CFrame.new(0.2083,-0.701492,0.0209329,-0.485053,-0.859486,0.161267,0.873015,-0.465245,0.146262,-0.0506812,0.211733,0.976012),
									["EasingDirection"] = Enum.EasingDirection.In
								},
								["Left Arm"] = {
									["EasingStyle"] = Enum.EasingStyle.Linear,
									["Weight"] = 1,
									["CFrame"] = CFrame.new(0.110979,-0.0463113,-0.00495204,0.944531,-0.325539,0.0434293,0.325846,0.945423,-4.03536e-07,-0.0410589,0.0141517,0.999057),
									["EasingDirection"] = Enum.EasingDirection.In
								},
								["Head"] = {
									["EasingStyle"] = Enum.EasingStyle.Linear,
									["Weight"] = 1,
									["CFrame"] = CFrame.new(4.1239e-06,-7.83801e-06,-6.25849e-07,0.951473,0.307626,-0.008042,-0.297268,0.912049,-0.282486,-0.0795653,0.271168,0.959238),
									["EasingDirection"] = Enum.EasingDirection.In
								},
							},
							["EasingDirection"] = Enum.EasingDirection.In
						},
					},
					["EasingDirection"] = Enum.EasingDirection.In
				},
			},
			["Markers"] = {}
		},
		[0.433333] = {
			["Poses"] = {
				["HumanoidRootPart"] = {
					["EasingStyle"] = Enum.EasingStyle.Linear,
					["Weight"] = 0,
					["CFrame"] = CFrame.new(0,0,0,1,0,0,0,1,0,0,0,1),
					["SubPoses"] = {
						["Torso"] = {
							["EasingStyle"] = Enum.EasingStyle.Linear,
							["Weight"] = 1,
							["CFrame"] = CFrame.new(0,0.249288,-0.0181171,1,0,0,0,0.995116,0.0987173,0,-0.0987173,0.995116),
							["SubPoses"] = {
								["Left Leg"] = {
									["EasingStyle"] = Enum.EasingStyle.Linear,
									["Weight"] = 1,
									["CFrame"] = CFrame.new(0.00598687,0.0431001,4.44089e-18,0.977945,-0.208863,1.42109e-14,0.208863,0.977945,2.66454e-15,-2.13163e-14,-4.44089e-16,1),
									["EasingDirection"] = Enum.EasingDirection.In
								},
								["Right Arm"] = {
									["EasingStyle"] = Enum.EasingStyle.Linear,
									["Weight"] = 1,
									["CFrame"] = CFrame.new(0.98841,-0.942139,-0.101236,-0.914883,-0.337297,0.221854,0.389276,-0.882687,0.2633,0.107017,0.327251,0.938857),
									["EasingDirection"] = Enum.EasingDirection.In
								},
								["Left Arm"] = {
									["EasingStyle"] = Enum.EasingStyle.Linear,
									["Weight"] = 1,
									["CFrame"] = CFrame.new(0.110993,-0.0463099,-0.00496495,0.908904,-0.414739,0.0434296,0.41513,0.909762,-3.43445e-07,-0.0395105,0.0180293,0.999057),
									["EasingDirection"] = Enum.EasingDirection.In
								},
								["Head"] = {
									["EasingStyle"] = Enum.EasingStyle.Linear,
									["Weight"] = 1,
									["CFrame"] = CFrame.new(3.93763e-06,4.03672e-05,2.05636e-06,0.937212,0.346574,-0.0389865,-0.335426,0.865115,-0.372914,-0.0955147,0.362577,0.927046),
									["EasingDirection"] = Enum.EasingDirection.In
								},
							},
							["EasingDirection"] = Enum.EasingDirection.In
						},
					},
					["EasingDirection"] = Enum.EasingDirection.In
				},
			},
			["Markers"] = {}
		},
		[0.5] = {
			["Poses"] = {
				["HumanoidRootPart"] = {
					["EasingStyle"] = Enum.EasingStyle.Linear,
					["Weight"] = 0,
					["CFrame"] = CFrame.new(0,0,0,1,0,0,0,1,0,0,0,1),
					["SubPoses"] = {
						["Torso"] = {
							["EasingStyle"] = Enum.EasingStyle.Linear,
							["Weight"] = 1,
							["CFrame"] = CFrame.new(0,0.269236,-0.0195458,1,0,0,0,0.997446,0.0714304,0,-0.0714304,0.997446),
							["SubPoses"] = {
								["Left Leg"] = {
									["EasingStyle"] = Enum.EasingStyle.Linear,
									["Weight"] = 1,
									["CFrame"] = CFrame.new(0.0302634,0.0285776,0,0.986924,-0.161188,7.10543e-15,0.161188,0.986924,3.55271e-15,-7.09342e-15,-3.57663e-15,1),
									["EasingDirection"] = Enum.EasingDirection.In
								},
								["Right Arm"] = {
									["EasingStyle"] = Enum.EasingStyle.Linear,
									["Weight"] = 1,
									["CFrame"] = CFrame.new(1.26108,-0.827004,-0.197982,-0.935845,-0.273814,0.221855,0.327877,-0.907286,0.263301,0.129191,0.31915,0.938857),
									["EasingDirection"] = Enum.EasingDirection.In
								},
								["Left Arm"] = {
									["EasingStyle"] = Enum.EasingStyle.Linear,
									["Weight"] = 1,
									["CFrame"] = CFrame.new(0.147893,-0.0309731,-0.00658716,0.922735,-0.382981,0.04343,0.383343,0.923606,-2.79622e-07,-0.0401121,0.0166488,0.999056),
									["EasingDirection"] = Enum.EasingDirection.In
								},
								["Right Leg"] = {
									["EasingStyle"] = Enum.EasingStyle.Linear,
									["Weight"] = 1,
									["CFrame"] = CFrame.new(-0.00012961,9.0003e-06,0,0.993863,-0.110617,3.90799e-14,0.110617,0.993863,1.77636e-15,-3.55171e-14,2.79548e-15,1),
									["EasingDirection"] = Enum.EasingDirection.In
								},
								["Head"] = {
									["EasingStyle"] = Enum.EasingStyle.Linear,
									["Weight"] = 1,
									["CFrame"] = CFrame.new(2.97278e-06,4.90844e-05,5.39422e-06,0.928863,0.364278,-0.067198,-0.354988,0.823562,-0.442412,-0.105819,0.434795,0.894291),
									["EasingDirection"] = Enum.EasingDirection.In
								},
							},
							["EasingDirection"] = Enum.EasingDirection.In
						},
					},
					["EasingDirection"] = Enum.EasingDirection.In
				},
			},
			["Markers"] = {}
		},
		[0.566667] = {
			["Poses"] = {
				["HumanoidRootPart"] = {
					["EasingStyle"] = Enum.EasingStyle.Linear,
					["Weight"] = 0,
					["CFrame"] = CFrame.new(0,0,0,1,0,0,0,1,0,0,0,1),
					["SubPoses"] = {
						["Torso"] = {
							["EasingStyle"] = Enum.EasingStyle.Linear,
							["Weight"] = 1,
							["CFrame"] = CFrame.new(0,0.301175,-0.0215264,1,0,0,0,0.997962,0.0638055,0,-0.0638055,0.997962),
							["SubPoses"] = {
								["Left Leg"] = {
									["EasingStyle"] = Enum.EasingStyle.Linear,
									["Weight"] = 1,
									["CFrame"] = CFrame.new(0.0302507,0.0285789,0,0.993374,-0.114929,3.90799e-14,0.114929,0.993373,4.44089e-16,-3.55265e-14,5.11139e-15,1),
									["EasingDirection"] = Enum.EasingDirection.In
								},
								["Right Arm"] = {
									["EasingStyle"] = Enum.EasingStyle.Linear,
									["Weight"] = 1,
									["CFrame"] = CFrame.new(1.28497,-0.754539,-0.223968,-0.958347,-0.179867,0.221854,0.236491,-0.935277,0.263302,0.160136,0.304801,0.938857),
									["EasingDirection"] = Enum.EasingDirection.In
								},
								["Left Arm"] = {
									["EasingStyle"] = Enum.EasingStyle.Linear,
									["Weight"] = 1,
									["CFrame"] = CFrame.new(0.126225,-0.138805,-0.00568769,0.979404,0.197184,0.0434371,-0.19737,0.980329,-2.03249e-07,-0.0425827,-0.008573,0.999056),
									["EasingDirection"] = Enum.EasingDirection.In
								},
								["Right Leg"] = {
									["EasingStyle"] = Enum.EasingStyle.Linear,
									["Weight"] = 1,
									["CFrame"] = CFrame.new(0.211778,-0.0401775,1.11022e-16,0.998537,-0.0540715,3.55271e-15,0.0540715,0.998537,1.13243e-14,-7.10543e-15,-1.11022e-14,1),
									["EasingDirection"] = Enum.EasingDirection.In
								},
								["Head"] = {
									["EasingStyle"] = Enum.EasingStyle.Linear,
									["Weight"] = 1,
									["CFrame"] = CFrame.new(9.68575e-08,9.71705e-05,8.82149e-06,0.920814,0.382457,-0.0763472,-0.372617,0.804947,-0.461754,-0.115145,0.453638,0.883716),
									["EasingDirection"] = Enum.EasingDirection.In
								},
							},
							["EasingDirection"] = Enum.EasingDirection.In
						},
					},
					["EasingDirection"] = Enum.EasingDirection.In
				},
			},
			["Markers"] = {}
		},
		[0.666667] = {
			["Poses"] = {
				["HumanoidRootPart"] = {
					["EasingStyle"] = Enum.EasingStyle.Linear,
					["Weight"] = 0,
					["CFrame"] = CFrame.new(0,0,0,1,0,0,0,1,0,0,0,1),
					["SubPoses"] = {
						["Torso"] = {
							["EasingStyle"] = Enum.EasingStyle.Linear,
							["Weight"] = 0,
							["CFrame"] = CFrame.new(0,0,0,1,0,0,0,1,0,0,0,1),
							["SubPoses"] = {
								["Right Arm"] = {
									["EasingStyle"] = Enum.EasingStyle.Linear,
									["Weight"] = 1,
									["CFrame"] = CFrame.new(1.29127,-0.687823,-0.244187,-0.970803,-0.091221,0.221856,0.149722,-0.953024,0.263303,0.187415,0.288832,0.938857),
									["EasingDirection"] = Enum.EasingDirection.In
								},
								["Left Arm"] = {
									["EasingStyle"] = Enum.EasingStyle.Linear,
									["Weight"] = 1,
									["CFrame"] = CFrame.new(0.377923,-0.42426,-0.0166844,0.819488,0.571447,0.043438,-0.571987,0.820262,-3.54279e-07,-0.0356308,-0.0248457,0.999056),
									["EasingDirection"] = Enum.EasingDirection.In
								},
								["Head"] = {
									["EasingStyle"] = Enum.EasingStyle.Linear,
									["Weight"] = 1,
									["CFrame"] = CFrame.new(-1.52737e-07,9.53227e-05,8.67248e-06,0.944778,0.318693,-0.076347,-0.316787,0.82851,-0.461754,-0.0839032,0.460441,0.883716),
									["EasingDirection"] = Enum.EasingDirection.In
								},
							},
							["EasingDirection"] = Enum.EasingDirection.In
						},
					},
					["EasingDirection"] = Enum.EasingDirection.In
				},
			},
			["Markers"] = {}
		},
		[0.733333] = {
			["Poses"] = {
				["HumanoidRootPart"] = {
					["EasingStyle"] = Enum.EasingStyle.Linear,
					["Weight"] = 0,
					["CFrame"] = CFrame.new(0,0,0,1,0,0,0,1,0,0,0,1),
					["SubPoses"] = {
						["Torso"] = {
							["EasingStyle"] = Enum.EasingStyle.Linear,
							["Weight"] = 0,
							["CFrame"] = CFrame.new(0,0,0,1,0,0,0,1,0,0,0,1),
							["SubPoses"] = {
								["Right Arm"] = {
									["EasingStyle"] = Enum.EasingStyle.Linear,
									["Weight"] = 1,
									["CFrame"] = CFrame.new(1.29127,-0.687822,-0.244186,-0.974132,-0.0429739,0.221858,0.102285,-0.959276,0.263301,0.201508,0.279183,0.938857),
									["EasingDirection"] = Enum.EasingDirection.In
								},
								["Left Arm"] = {
									["EasingStyle"] = Enum.EasingStyle.Linear,
									["Weight"] = 1,
									["CFrame"] = CFrame.new(-0.0928062,-0.48744,0.00369614,0.378435,0.907059,-0.184476,-0.925481,0.367242,-0.0928295,-0.0164546,0.205859,0.978443),
									["EasingDirection"] = Enum.EasingDirection.In
								},
								["Head"] = {
									["EasingStyle"] = Enum.EasingStyle.Linear,
									["Weight"] = 1,
									["CFrame"] = CFrame.new(2.94298e-07,0.000129431,7.51019e-06,0.944778,0.322632,-0.0574636,-0.316787,0.854244,-0.412206,-0.0839031,0.407647,0.909277),
									["EasingDirection"] = Enum.EasingDirection.In
								},
							},
							["EasingDirection"] = Enum.EasingDirection.In
						},
					},
					["EasingDirection"] = Enum.EasingDirection.In
				},
			},
			["Markers"] = {}
		},
		[0.8] = {
			["Poses"] = {
				["HumanoidRootPart"] = {
					["EasingStyle"] = Enum.EasingStyle.Linear,
					["Weight"] = 0,
					["CFrame"] = CFrame.new(0,0,0,1,0,0,0,1,0,0,0,1),
					["SubPoses"] = {
						["Torso"] = {
							["EasingStyle"] = Enum.EasingStyle.Linear,
							["Weight"] = 1,
							["CFrame"] = CFrame.new(0,0.523612,-0.0446357,1,0,0,0,0.995181,0.098059,0,-0.098059,0.995181),
							["SubPoses"] = {
								["Left Arm"] = {
									["EasingStyle"] = Enum.EasingStyle.Linear,
									["Weight"] = 1,
									["CFrame"] = CFrame.new(-0.183065,-0.773485,0.00756928,-0.301091,0.93103,-0.20622,-0.953505,-0.29097,0.0785097,0.0130911,0.22027,0.975351),
									["EasingDirection"] = Enum.EasingDirection.In
								},
								["Head"] = {
									["EasingStyle"] = Enum.EasingStyle.Linear,
									["Weight"] = 1,
									["CFrame"] = CFrame.new(-3.44962e-06,0.000154346,4.11272e-06,0.944778,0.326147,-0.0319745,-0.316787,0.88395,-0.343916,-0.0839033,0.335054,0.938456),
									["EasingDirection"] = Enum.EasingDirection.In
								},
							},
							["EasingDirection"] = Enum.EasingDirection.In
						},
					},
					["EasingDirection"] = Enum.EasingDirection.In
				},
			},
			["Markers"] = {}
		},
		[0.866667] = {
			["Poses"] = {
				["HumanoidRootPart"] = {
					["EasingStyle"] = Enum.EasingStyle.Linear,
					["Weight"] = 0,
					["CFrame"] = CFrame.new(0,0,0,1,0,0,0,1,0,0,0,1),
					["SubPoses"] = {
						["Torso"] = {
							["EasingStyle"] = Enum.EasingStyle.Linear,
							["Weight"] = 0,
							["CFrame"] = CFrame.new(0,0,0,1,0,0,0,1,0,0,0,1),
							["SubPoses"] = {
								["Left Arm"] = {
									["EasingStyle"] = Enum.EasingStyle.Linear,
									["Weight"] = 1,
									["CFrame"] = CFrame.new(-0.818002,-0.645187,0.0350154,-0.759937,0.630799,-0.156803,-0.649156,-0.724277,0.23242,0.0330418,0.278414,0.959893),
									["EasingDirection"] = Enum.EasingDirection.In
								},
								["Head"] = {
									["EasingStyle"] = Enum.EasingStyle.Linear,
									["Weight"] = 1,
									["CFrame"] = CFrame.new(-4.01959e-06,0.000151694,5.30481e-06,0.984911,0.170082,-0.0319744,-0.170619,0.923369,-0.343916,-0.0289697,0.344182,0.938456),
									["EasingDirection"] = Enum.EasingDirection.In
								},
							},
							["EasingDirection"] = Enum.EasingDirection.In
						},
					},
					["EasingDirection"] = Enum.EasingDirection.In
				},
			},
			["Markers"] = {}
		},
		[0.9] = {
			["Poses"] = {
				["HumanoidRootPart"] = {
					["EasingStyle"] = Enum.EasingStyle.Linear,
					["Weight"] = 0,
					["CFrame"] = CFrame.new(0,0,0,1,0,0,0,1,0,0,0,1),
					["SubPoses"] = {
						["Torso"] = {
							["EasingStyle"] = Enum.EasingStyle.Linear,
							["Weight"] = 1,
							["CFrame"] = CFrame.new(0,0.488119,-0.041809,1,0,0,0,0.995116,0.0987173,0,-0.0987173,0.995116),
							["SubPoses"] = {
								["Right Arm"] = {
									["EasingStyle"] = Enum.EasingStyle.Linear,
									["Weight"] = 1,
									["CFrame"] = CFrame.new(1.29124,-0.687821,-0.244185,-0.973492,-0.0556079,0.221858,0.114722,-0.957868,0.263301,0.197869,0.281773,0.938856),
									["EasingDirection"] = Enum.EasingDirection.In
								},
								["Head"] = {
									["EasingStyle"] = Enum.EasingStyle.Linear,
									["Weight"] = 1,
									["CFrame"] = CFrame.new(-3.55206e-06,0.0002352,1.09076e-05,0.999458,0.00921334,-0.0316128,-0.0183926,0.952531,-0.303885,0.0273124,0.304302,0.952184),
									["EasingDirection"] = Enum.EasingDirection.In
								},
							},
							["EasingDirection"] = Enum.EasingDirection.In
						},
					},
					["EasingDirection"] = Enum.EasingDirection.In
				},
			},
			["Markers"] = {}
		},
		[0.933333] = {
			["Poses"] = {
				["HumanoidRootPart"] = {
					["EasingStyle"] = Enum.EasingStyle.Linear,
					["Weight"] = 0,
					["CFrame"] = CFrame.new(0,0,0,1,0,0,0,1,0,0,0,1),
					["SubPoses"] = {
						["Torso"] = {
							["EasingStyle"] = Enum.EasingStyle.Linear,
							["Weight"] = 0,
							["CFrame"] = CFrame.new(0,0,0,1,0,0,0,1,0,0,0,1),
							["SubPoses"] = {
								["Left Arm"] = {
									["EasingStyle"] = Enum.EasingStyle.Linear,
									["Weight"] = 1,
									["CFrame"] = CFrame.new(-0.977246,-0.574403,-0.101984,-0.878614,0.451056,-0.156802,-0.476706,-0.84778,0.232421,-0.0280993,0.278956,0.959892),
									["EasingDirection"] = Enum.EasingDirection.In
								},
							},
							["EasingDirection"] = Enum.EasingDirection.In
						},
					},
					["EasingDirection"] = Enum.EasingDirection.In
				},
			},
			["Markers"] = {}
		},
		[0.966667] = {
			["Poses"] = {
				["HumanoidRootPart"] = {
					["EasingStyle"] = Enum.EasingStyle.Linear,
					["Weight"] = 0,
					["CFrame"] = CFrame.new(0,0,0,1,0,0,0,1,0,0,0,1),
					["SubPoses"] = {
						["Torso"] = {
							["EasingStyle"] = Enum.EasingStyle.Linear,
							["Weight"] = 1,
							["CFrame"] = CFrame.new(0,0.109766,-0.00829534,1,0,0,0,0.999999,-0.00119604,0,0.00119604,0.999999),
							["SubPoses"] = {
								["Left Leg"] = {
									["EasingStyle"] = Enum.EasingStyle.Linear,
									["Weight"] = 1,
									["CFrame"] = CFrame.new(0.0302494,0.0285817,0,0.999921,-0.0125394,4.26326e-14,0.0125394,0.999921,1.66533e-16,-4.61871e-14,2.83981e-16,1),
									["EasingDirection"] = Enum.EasingDirection.In
								},
								["Left Arm"] = {
									["EasingStyle"] = Enum.EasingStyle.Linear,
									["Weight"] = 1,
									["CFrame"] = CFrame.new(-0.977272,-0.574402,-0.102011,-0.899148,0.408591,-0.156802,-0.435684,-0.869575,0.23242,-0.0413864,0.277296,0.959893),
									["EasingDirection"] = Enum.EasingDirection.In
								},
								["Right Leg"] = {
									["EasingStyle"] = Enum.EasingStyle.Linear,
									["Weight"] = 1,
									["CFrame"] = CFrame.new(0.211767,-0.0401727,0,0.976263,-0.216588,1.06581e-14,0.216588,0.976263,9.76996e-15,-1.77671e-14,-6.20727e-15,1),
									["EasingDirection"] = Enum.EasingDirection.In
								},
								["Head"] = {
									["EasingStyle"] = Enum.EasingStyle.Linear,
									["Weight"] = 1,
									["CFrame"] = CFrame.new(-1.48732e-06,0.000234947,6.91414e-06,0.999458,0.0116535,-0.0307969,-0.0183926,0.97335,-0.228584,0.0273124,0.229026,0.973037),
									["EasingDirection"] = Enum.EasingDirection.In
								},
							},
							["EasingDirection"] = Enum.EasingDirection.In
						},
					},
					["EasingDirection"] = Enum.EasingDirection.In
				},
			},
			["Markers"] = {}
		},
		[1] = {
			["Poses"] = {
				["HumanoidRootPart"] = {
					["EasingStyle"] = Enum.EasingStyle.Linear,
					["Weight"] = 0,
					["CFrame"] = CFrame.new(0,0,0,1,0,0,0,1,0,0,0,1),
					["SubPoses"] = {
						["Torso"] = {
							["EasingStyle"] = Enum.EasingStyle.Linear,
							["Weight"] = 0,
							["CFrame"] = CFrame.new(0,0,0,1,0,0,0,1,0,0,0,1),
							["SubPoses"] = {
								["Right Arm"] = {
									["EasingStyle"] = Enum.EasingStyle.Linear,
									["Weight"] = 1,
									["CFrame"] = CFrame.new(0.812175,-0.466764,-0.192985,-0.903735,-0.366117,0.221858,0.417051,-0.869909,0.263301,0.0965975,0.33048,0.938857),
									["EasingDirection"] = Enum.EasingDirection.In
								},
							},
							["EasingDirection"] = Enum.EasingDirection.In
						},
					},
					["EasingDirection"] = Enum.EasingDirection.In
				},
			},
			["Markers"] = {}
		},
		[1.03333] = {
			["Poses"] = {
				["HumanoidRootPart"] = {
					["EasingStyle"] = Enum.EasingStyle.Linear,
					["Weight"] = 0,
					["CFrame"] = CFrame.new(0,0,0,1,0,0,0,1,0,0,0,1),
					["SubPoses"] = {
						["Torso"] = {
							["EasingStyle"] = Enum.EasingStyle.Linear,
							["Weight"] = 1,
							["CFrame"] = CFrame.new(0,-0.222448,-0.0806579,1,0,0,0,0.977089,-0.212831,0,0.212831,0.977089),
							["SubPoses"] = {
								["Left Arm"] = {
									["EasingStyle"] = Enum.EasingStyle.Linear,
									["Weight"] = 1,
									["CFrame"] = CFrame.new(-0.999669,-0.611599,-0.190459,-0.912097,0.378803,-0.156802,-0.406854,-0.883431,0.23242,-0.050482,0.275785,0.959893),
									["EasingDirection"] = Enum.EasingDirection.In
								},
								["Head"] = {
									["EasingStyle"] = Enum.EasingStyle.Linear,
									["Weight"] = 1,
									["CFrame"] = CFrame.new(-6.92904e-06,0.000225507,7.7486e-06,0.999458,0.0136007,-0.0299876,-0.0183925,0.985985,-0.165814,0.0273122,0.166276,0.985701),
									["EasingDirection"] = Enum.EasingDirection.In
								},
							},
							["EasingDirection"] = Enum.EasingDirection.In
						},
					},
					["EasingDirection"] = Enum.EasingDirection.In
				},
			},
			["Markers"] = {}
		},
		[1.1] = {
			["Poses"] = {
				["HumanoidRootPart"] = {
					["EasingStyle"] = Enum.EasingStyle.Linear,
					["Weight"] = 0,
					["CFrame"] = CFrame.new(0,0,0,1,0,0,0,1,0,0,0,1),
					["SubPoses"] = {
						["Torso"] = {
							["EasingStyle"] = Enum.EasingStyle.Linear,
							["Weight"] = 1,
							["CFrame"] = CFrame.new(0,-0.561516,-0.274409,1,0,0,0,0.959211,-0.28269,0,0.28269,0.959211),
							["SubPoses"] = {
								["Left Leg"] = {
									["EasingStyle"] = Enum.EasingStyle.Linear,
									["Weight"] = 1,
									["CFrame"] = CFrame.new(0.0302492,0.0285848,0,0.949061,-0.315091,4.26326e-14,0.315091,0.949061,-8.88178e-16,-3.19531e-14,1.24892e-14,1),
									["EasingDirection"] = Enum.EasingDirection.In
								},
								["Right Arm"] = {
									["EasingStyle"] = Enum.EasingStyle.Linear,
									["Weight"] = 1,
									["CFrame"] = CFrame.new(0.812144,-0.466782,-0.192991,-0.664822,-0.689421,0.287593,0.745198,-0.585352,0.319442,-0.0518866,0.426686,0.90291),
									["EasingDirection"] = Enum.EasingDirection.In
								},
								["Right Leg"] = {
									["EasingStyle"] = Enum.EasingStyle.Linear,
									["Weight"] = 1,
									["CFrame"] = CFrame.new(0.168929,0.207624,-1.11022e-16,0.914153,-0.405369,2.84217e-14,0.405369,0.914153,0,-2.4869e-14,1.11022e-14,1),
									["EasingDirection"] = Enum.EasingDirection.In
								},
								["Head"] = {
									["EasingStyle"] = Enum.EasingStyle.Linear,
									["Weight"] = 1,
									["CFrame"] = CFrame.new(-5.37746e-06,0.000193685,-2.71797e-05,0.994901,-0.0936517,-0.0374397,0.0905133,0.992821,-0.0781938,0.0444939,0.0744063,0.996235),
									["EasingDirection"] = Enum.EasingDirection.In
								},
							},
							["EasingDirection"] = Enum.EasingDirection.In
						},
					},
					["EasingDirection"] = Enum.EasingDirection.In
				},
			},
			["Markers"] = {}
		},
		[1.16667] = {
			["Poses"] = {
				["HumanoidRootPart"] = {
					["EasingStyle"] = Enum.EasingStyle.Linear,
					["Weight"] = 0,
					["CFrame"] = CFrame.new(0,0,0,1,0,0,0,1,0,0,0,1),
					["SubPoses"] = {
						["Torso"] = {
							["EasingStyle"] = Enum.EasingStyle.Linear,
							["Weight"] = 1,
							["CFrame"] = CFrame.new(0,-0.789614,-0.508661,1,0,0,0,0.924981,-0.380014,0,0.380014,0.924981),
							["SubPoses"] = {
								["Right Arm"] = {
									["EasingStyle"] = Enum.EasingStyle.Linear,
									["Weight"] = 1,
									["CFrame"] = CFrame.new(0.495006,-0.736051,0.0033227,-0.664821,-0.689422,0.287594,0.745198,-0.585351,0.319442,-0.0518869,0.426686,0.90291),
									["EasingDirection"] = Enum.EasingDirection.In
								},
								["Right Leg"] = {
									["EasingStyle"] = Enum.EasingStyle.Linear,
									["Weight"] = 1,
									["CFrame"] = CFrame.new(0.440814,0.551825,-2.04281e-16,0.996423,-0.084507,7.10543e-15,0.084507,0.996423,-1.86517e-14,0,2.04281e-14,1),
									["EasingDirection"] = Enum.EasingDirection.In
								},
								["Head"] = {
									["EasingStyle"] = Enum.EasingStyle.Linear,
									["Weight"] = 1,
									["CFrame"] = CFrame.new(-1.17533e-05,0.000157841,-5.23925e-05,0.994901,-0.0816713,-0.0591741,0.0905107,0.981858,0.16662,0.0444926,-0.171126,0.984244),
									["EasingDirection"] = Enum.EasingDirection.In
								},
							},
							["EasingDirection"] = Enum.EasingDirection.In
						},
					},
					["EasingDirection"] = Enum.EasingDirection.In
				},
			},
			["Markers"] = {}
		},
		[1.2] = {
			["Poses"] = {
				["HumanoidRootPart"] = {
					["EasingStyle"] = Enum.EasingStyle.Linear,
					["Weight"] = 0,
					["CFrame"] = CFrame.new(0,0,0,1,0,0,0,1,0,0,0,1),
					["SubPoses"] = {
						["Torso"] = {
							["EasingStyle"] = Enum.EasingStyle.Linear,
							["Weight"] = 0,
							["CFrame"] = CFrame.new(0,0,0,1,0,0,0,1,0,0,0,1),
							["SubPoses"] = {
								["Left Arm"] = {
									["EasingStyle"] = Enum.EasingStyle.Linear,
									["Weight"] = 1,
									["CFrame"] = CFrame.new(-0.999681,-0.611599,-0.190428,-0.940915,0.300153,-0.156801,-0.330532,-0.914729,0.232421,-0.0736687,0.270516,0.959892),
									["EasingDirection"] = Enum.EasingDirection.In
								},
							},
							["EasingDirection"] = Enum.EasingDirection.In
						},
					},
					["EasingDirection"] = Enum.EasingDirection.In
				},
			},
			["Markers"] = {}
		},
		[1.23333] = {
			["Poses"] = {
				["HumanoidRootPart"] = {
					["EasingStyle"] = Enum.EasingStyle.Linear,
					["Weight"] = 0,
					["CFrame"] = CFrame.new(0,0,0,1,0,0,0,1,0,0,0,1),
					["SubPoses"] = {
						["Torso"] = {
							["EasingStyle"] = Enum.EasingStyle.Linear,
							["Weight"] = 1,
							["CFrame"] = CFrame.new(0,-0.957424,-0.62458,1,0,0,0,0.918275,-0.395942,0,0.395942,0.918275),
							["SubPoses"] = {
								["Left Leg"] = {
									["EasingStyle"] = Enum.EasingStyle.Linear,
									["Weight"] = 1,
									["CFrame"] = CFrame.new(-0.0325473,-0.00235341,4.61853e-16,0.89699,-0.44205,4.61853e-14,0.44205,0.89699,1.77636e-15,-4.61853e-14,2.13163e-14,1),
									["EasingDirection"] = Enum.EasingDirection.In
								},
								["Right Arm"] = {
									["EasingStyle"] = Enum.EasingStyle.Linear,
									["Weight"] = 1,
									["CFrame"] = CFrame.new(0.426758,-0.583674,-0.0287357,-0.563146,-0.774698,0.287595,0.818954,-0.476728,0.319443,-0.110368,0.41542,0.90291),
									["EasingDirection"] = Enum.EasingDirection.In
								},
								["Left Arm"] = {
									["EasingStyle"] = Enum.EasingStyle.Linear,
									["Weight"] = 1,
									["CFrame"] = CFrame.new(-0.99968,-0.611597,-0.190443,-0.926576,0.341864,-0.156802,-0.371044,-0.899059,0.232421,-0.0615176,0.273536,0.959893),
									["EasingDirection"] = Enum.EasingDirection.In
								},
								["Right Leg"] = {
									["EasingStyle"] = Enum.EasingStyle.Linear,
									["Weight"] = 1,
									["CFrame"] = CFrame.new(0.426156,0.691062,0,0.996616,-0.0822028,-5.32907e-14,0.0822028,0.996615,-1.27898e-13,6.34094e-14,1.2019e-13,1),
									["EasingDirection"] = Enum.EasingDirection.In
								},
								["Head"] = {
									["EasingStyle"] = Enum.EasingStyle.Linear,
									["Weight"] = 1,
									["CFrame"] = CFrame.new(-1.3914e-05,0.00015711,-5.40316e-05,0.994901,-0.0829946,-0.0573018,0.0905099,0.985392,0.144257,0.0444922,-0.148707,0.98788),
									["EasingDirection"] = Enum.EasingDirection.In
								},
							},
							["EasingDirection"] = Enum.EasingDirection.In
						},
					},
					["EasingDirection"] = Enum.EasingDirection.In
				},
			},
			["Markers"] = {}
		},
		[1.3] = {
			["Poses"] = {
				["HumanoidRootPart"] = {
					["EasingStyle"] = Enum.EasingStyle.Linear,
					["Weight"] = 0,
					["CFrame"] = CFrame.new(0,0,0,1,0,0,0,1,0,0,0,1),
					["SubPoses"] = {
						["Torso"] = {
							["EasingStyle"] = Enum.EasingStyle.Linear,
							["Weight"] = 1,
							["CFrame"] = CFrame.new(0,-0.998654,-0.654587,1,0,0,0,0.908218,-0.418497,0,0.418497,0.908218),
							["SubPoses"] = {
								["Left Leg"] = {
									["EasingStyle"] = Enum.EasingStyle.Linear,
									["Weight"] = 1,
									["CFrame"] = CFrame.new(-0.0767215,-0.0257764,3.19744e-16,0.883465,-0.468498,4.26326e-14,0.468498,0.883464,-3.55271e-15,-3.19744e-14,2.13163e-14,1),
									["EasingDirection"] = Enum.EasingDirection.In
								},
								["Right Arm"] = {
									["EasingStyle"] = Enum.EasingStyle.Linear,
									["Weight"] = 1,
									["CFrame"] = CFrame.new(0.426786,-0.583664,-0.0286938,-0.523409,-0.80208,0.287595,0.841927,-0.434872,0.319443,-0.131152,0.409334,0.902909),
									["EasingDirection"] = Enum.EasingDirection.In
								},
								["Left Arm"] = {
									["EasingStyle"] = Enum.EasingStyle.Linear,
									["Weight"] = 1,
									["CFrame"] = CFrame.new(-0.829487,-0.439609,-0.204183,-0.760353,0.630299,-0.156802,-0.648678,-0.724704,0.232422,0.0328599,0.278437,0.959892),
									["EasingDirection"] = Enum.EasingDirection.In
								},
								["Right Leg"] = {
									["EasingStyle"] = Enum.EasingStyle.Linear,
									["Weight"] = 1,
									["CFrame"] = CFrame.new(0.420837,0.720591,1.20792e-15,0.984195,-0.177088,-5.32907e-14,0.177088,0.984195,-1.32339e-13,7.10543e-14,1.20792e-13,1),
									["EasingDirection"] = Enum.EasingDirection.In
								},
								["Head"] = {
									["EasingStyle"] = Enum.EasingStyle.Linear,
									["Weight"] = 1,
									["CFrame"] = CFrame.new(-1.969e-05,9.98378e-05,-5.61476e-05,0.994901,-0.0843461,-0.0552993,0.090513,0.988564,0.120614,0.0444936,-0.125004,0.991158),
									["EasingDirection"] = Enum.EasingDirection.In
								},
							},
							["EasingDirection"] = Enum.EasingDirection.In
						},
					},
					["EasingDirection"] = Enum.EasingDirection.In
				},
			},
			["Markers"] = {}
		},
		[1.36667] = {
			["Poses"] = {
				["HumanoidRootPart"] = {
					["EasingStyle"] = Enum.EasingStyle.Linear,
					["Weight"] = 0,
					["CFrame"] = CFrame.new(0,0,0,1,0,0,0,1,0,0,0,1),
					["SubPoses"] = {
						["Torso"] = {
							["EasingStyle"] = Enum.EasingStyle.Linear,
							["Weight"] = 0,
							["CFrame"] = CFrame.new(0,0,0,1,0,0,0,1,0,0,0,1),
							["SubPoses"] = {
								["Right Arm"] = {
									["EasingStyle"] = Enum.EasingStyle.Linear,
									["Weight"] = 1,
									["CFrame"] = CFrame.new(0.426767,-0.583664,-0.0286669,-0.497103,-0.818644,0.287595,0.855597,-0.407319,0.319443,-0.144367,0.404862,0.902909),
									["EasingDirection"] = Enum.EasingDirection.In
								},
							},
							["EasingDirection"] = Enum.EasingDirection.In
						},
					},
					["EasingDirection"] = Enum.EasingDirection.In
				},
			},
			["Markers"] = {}
		},
		[1.43333] = {
			["Poses"] = {
				["HumanoidRootPart"] = {
					["EasingStyle"] = Enum.EasingStyle.Linear,
					["Weight"] = 0,
					["CFrame"] = CFrame.new(0,0,0,1,0,0,0,1,0,0,0,1),
					["SubPoses"] = {
						["Torso"] = {
							["EasingStyle"] = Enum.EasingStyle.Linear,
							["Weight"] = 1,
							["CFrame"] = CFrame.new(0,-1.20158,-0.762823,1,0,0,0,0.881177,-0.472786,0,0.472786,0.881177),
							["SubPoses"] = {
								["Left Leg"] = {
									["EasingStyle"] = Enum.EasingStyle.Linear,
									["Weight"] = 1,
									["CFrame"] = CFrame.new(-0.179735,-0.0873334,4.26326e-16,0.8584,-0.51298,2.84217e-14,0.51298,0.8584,-1.77636e-15,-2.13163e-14,1.42109e-14,1),
									["EasingDirection"] = Enum.EasingDirection.In
								},
								["Right Arm"] = {
									["EasingStyle"] = Enum.EasingStyle.Linear,
									["Weight"] = 1,
									["CFrame"] = CFrame.new(0.426758,-0.583661,-0.0286684,-0.473449,-0.832547,0.287595,0.866914,-0.382643,0.319443,-0.155905,0.40056,0.902909),
									["EasingDirection"] = Enum.EasingDirection.In
								},
								["Left Arm"] = {
									["EasingStyle"] = Enum.EasingStyle.Linear,
									["Weight"] = 1,
									["CFrame"] = CFrame.new(-0.686604,-0.664313,-0.126414,-0.626733,0.763295,-0.156802,-0.774566,-0.588241,0.232423,0.0851704,0.26712,0.959892),
									["EasingDirection"] = Enum.EasingDirection.In
								},
								["Right Leg"] = {
									["EasingStyle"] = Enum.EasingStyle.Linear,
									["Weight"] = 1,
