return {
	["__isAnimPart"] = true,
	["Keyframes"] = {
		[2.65] = {
			["Poses"] = {
				["HumanoidRootPart"] = {
					["EasingStyle"] = Enum.EasingStyle.Linear,
					["Weight"] = 1,
					["CFrame"] = CFrame.new(0,0,0,1,0,0,0,1,0,0,0,1),
					["SubPoses"] = {
						["Torso"] = {
							["EasingStyle"] = Enum.EasingStyle.Linear,
							["Weight"] = 1,
							["CFrame"] = CFrame.new(-0.00501156,-0.0145472,-0.0792644,1,2.38419e-07,-8.74228e-08,-2.38419e-07,1,2.08432e-14,8.74228e-08,0,1),
							["SubPoses"] = {
								["Head"] = {
									["EasingStyle"] = Enum.EasingStyle.Linear,
									["Weight"] = 1,
									["CFrame"] = CFrame.new(8.92446e-08,-2.63526e-10,0.0166621,0.999981,0.00606066,-0.000694591,-0.00606439,0.975302,-0.220794,-0.000660716,0.220794,0.97532),
									["EasingDirection"] = Enum.EasingDirection.In
								},
								["Left Arm"] = {
									["EasingStyle"] = Enum.EasingStyle.Linear,
									["Weight"] = 1,
									["CFrame"] = CFrame.new(-0.0219275,-0.153854,0.00778413,0.996332,-0.00541108,0.0853968,-0.00189324,0.99636,0.0852226,-0.0855471,-0.0850718,0.992696),
									["EasingDirection"] = Enum.EasingDirection.In
								},
								["Right Arm"] = {
									["EasingStyle"] = Enum.EasingStyle.Linear,
									["Weight"] = 1,
									["CFrame"] = CFrame.new(0.0274535,-0.148462,0.0256963,0.992565,0.0101445,-0.12129,-0.000676473,0.996965,0.0778487,0.121711,-0.0771881,0.98956),
									["EasingDirection"] = Enum.EasingDirection.In
								},
								["Left Leg"] = {
									["EasingStyle"] = Enum.EasingStyle.Linear,
									["Weight"] = 1,
									["CFrame"] = CFrame.new(0.0775398,0.064382,0.030885,0.842553,-0.121061,0.524832,0.084406,0.992051,0.0933289,-0.531959,-0.0343355,0.846074),
									["EasingDirection"] = Enum.EasingDirection.In
								},
								["Right Leg"] = {
									["EasingStyle"] = Enum.EasingStyle.Linear,
									["Weight"] = 1,
									["CFrame"] = CFrame.new(0.284098,0.0981063,0.0587473,0.985804,0.137709,-0.0960581,-0.130944,0.98866,0.073519,0.105093,-0.0598971,0.992657),
									["EasingDirection"] = Enum.EasingDirection.In
								},
							},
							["EasingDirection"] = Enum.EasingDirection.In
						},
					},
					["EasingDirection"] = Enum.EasingDirection.In
				},
			},
			["Markers"] = {}
		},
		[2.66667] = {
			["Poses"] = {
				["HumanoidRootPart"] = {
					["EasingStyle"] = Enum.EasingStyle.Linear,
					["Weight"] = 1,
					["CFrame"] = CFrame.new(0,0,0,1,0,0,0,1,0,0,0,1),
					["SubPoses"] = {
						["Torso"] = {
							["EasingStyle"] = Enum.EasingStyle.Linear,
							["Weight"] = 1,
							["CFrame"] = CFrame.new(-0.00493592,-0.0143276,-0.0780683,1,2.38419e-07,-8.74228e-08,-2.38419e-07,1,2.08432e-14,8.74228e-08,0,1),
							["SubPoses"] = {
								["Head"] = {
									["EasingStyle"] = Enum.EasingStyle.Linear,
									["Weight"] = 1,
									["CFrame"] = CFrame.new(8.88311e-08,-2.45493e-10,0.0166621,0.999981,0.00606066,-0.000694592,-0.00606602,0.975845,-0.218382,-0.000645703,0.218382,0.975863),
									["EasingDirection"] = Enum.EasingDirection.In
								},
								["Left Arm"] = {
									["EasingStyle"] = Enum.EasingStyle.Linear,
									["Weight"] = 1,
									["CFrame"] = CFrame.new(-0.0218019,-0.152844,0.00754774,0.996399,-0.00534461,0.0846212,-0.00189324,0.99636,0.0852225,-0.0847687,-0.0850761,0.992762),
									["EasingDirection"] = Enum.EasingDirection.In
								},
								["Right Arm"] = {
									["EasingStyle"] = Enum.EasingStyle.Linear,
									["Weight"] = 1,
									["CFrame"] = CFrame.new(0.0272854,-0.147625,0.0256214,0.99271,0.0100526,-0.120112,-0.000676472,0.996965,0.0778488,0.12053,-0.0772001,0.989703),
									["EasingDirection"] = Enum.EasingDirection.In
								},
								["Left Leg"] = {
									["EasingStyle"] = Enum.EasingStyle.Linear,
									["Weight"] = 1,
									["CFrame"] = CFrame.new(0.0835944,0.0636789,0.0278691,0.841512,-0.118377,0.527109,0.0812565,0.992332,0.0931332,-0.534092,-0.0355417,0.844679),
									["EasingDirection"] = Enum.EasingDirection.In
								},
								["Right Leg"] = {
									["EasingStyle"] = Enum.EasingStyle.Linear,
									["Weight"] = 1,
									["CFrame"] = CFrame.new(0.280399,0.0971924,0.059839,0.985726,0.136356,-0.0987447,-0.129463,0.988882,0.0731622,0.107623,-0.0593341,0.99242),
									["EasingDirection"] = Enum.EasingDirection.In
								},
							},
							["EasingDirection"] = Enum.EasingDirection.In
						},
					},
					["EasingDirection"] = Enum.EasingDirection.In
				},
			},
			["Markers"] = {}
		},
		[2.68333] = {
			["Poses"] = {
				["HumanoidRootPart"] = {
					["EasingStyle"] = Enum.EasingStyle.Linear,
					["Weight"] = 1,
					["CFrame"] = CFrame.new(0,0,0,1,0,0,0,1,0,0,0,1),
					["SubPoses"] = {
						["Torso"] = {
							["EasingStyle"] = Enum.EasingStyle.Linear,
							["Weight"] = 1,
							["CFrame"] = CFrame.new(-0.0048594,-0.0141055,-0.0768578,1,2.38419e-07,-8.74228e-08,-2.38419e-07,1,2.08432e-14,8.74228e-08,0,1),
							["SubPoses"] = {
								["Head"] = {
									["EasingStyle"] = Enum.EasingStyle.Linear,
									["Weight"] = 1,
									["CFrame"] = CFrame.new(8.8884e-08,-2.27248e-10,0.0166621,0.999981,0.00606066,-0.000694593,-0.00606764,0.9764,-0.215883,-0.000630183,0.215883,0.976419),
									["EasingDirection"] = Enum.EasingDirection.In
								},
								["Left Arm"] = {
									["EasingStyle"] = Enum.EasingStyle.Linear,
									["Weight"] = 1,
									["CFrame"] = CFrame.new(-0.0216718,-0.151799,0.00730288,0.996467,-0.00527578,0.0838181,-0.00189324,0.99636,0.0852225,-0.0839626,-0.0850802,0.99283),
									["EasingDirection"] = Enum.EasingDirection.In
								},
								["Right Arm"] = {
									["EasingStyle"] = Enum.EasingStyle.Linear,
									["Weight"] = 1,
									["CFrame"] = CFrame.new(0.0271113,-0.146757,0.0255439,0.992857,0.0099575,-0.118892,-0.000676473,0.996965,0.0778489,0.119307,-0.0772124,0.989851),
									["EasingDirection"] = Enum.EasingDirection.In
								},
								["Left Leg"] = {
									["EasingStyle"] = Enum.EasingStyle.Linear,
									["Weight"] = 1,
									["CFrame"] = CFrame.new(0.0897073,0.0629749,0.0247856,0.840445,-0.115667,0.529409,0.0780673,0.992607,0.0929343,-0.536245,-0.0367766,0.843261),
									["EasingDirection"] = Enum.EasingDirection.In
								},
								["Right Leg"] = {
									["EasingStyle"] = Enum.EasingStyle.Linear,
									["Weight"] = 1,
									["CFrame"] = CFrame.new(0.276641,0.096264,0.0609258,0.98564,0.134979,-0.101463,-0.127959,0.989104,0.0728003,0.110184,-0.0587718,0.992172),
									["EasingDirection"] = Enum.EasingDirection.In
								},
							},
							["EasingDirection"] = Enum.EasingDirection.In
						},
					},
					["EasingDirection"] = Enum.EasingDirection.In
				},
			},
			["Markers"] = {}
		},
		[2.7] = {
			["Poses"] = {
				["HumanoidRootPart"] = {
					["EasingStyle"] = Enum.EasingStyle.Linear,
					["Weight"] = 1,
					["CFrame"] = CFrame.new(0,0,0,1,0,0,0,1,0,0,0,1),
					["SubPoses"] = {
						["Torso"] = {
							["EasingStyle"] = Enum.EasingStyle.Linear,
							["Weight"] = 1,
							["CFrame"] = CFrame.new(-0.00478202,-0.0138809,-0.075634,1,2.38419e-07,-8.74228e-08,-2.38419e-07,1,2.08432e-14,8.74228e-08,0,1),
							["SubPoses"] = {
								["Head"] = {
									["EasingStyle"] = Enum.EasingStyle.Linear,
									["Weight"] = 1,
									["CFrame"] = CFrame.new(8.89374e-08,-2.088e-10,0.0166621,0.999981,0.00606066,-0.000694593,-0.00606929,0.976968,-0.213299,-0.000614157,0.2133,0.976987),
									["EasingDirection"] = Enum.EasingDirection.In
								},
								["Left Arm"] = {
									["EasingStyle"] = Enum.EasingStyle.Linear,
									["Weight"] = 1,
									["CFrame"] = CFrame.new(-0.0215373,-0.150719,0.00704992,0.996537,-0.00520467,0.0829881,-0.00189324,0.99636,0.0852225,-0.0831296,-0.0850847,0.9929),
									["EasingDirection"] = Enum.EasingDirection.In
								},
								["Right Arm"] = {
									["EasingStyle"] = Enum.EasingStyle.Linear,
									["Weight"] = 1,
									["CFrame"] = CFrame.new(0.0269315,-0.145861,0.0254637,0.993008,0.00985916,-0.117632,-0.000676472,0.996965,0.0778488,0.118042,-0.0772251,0.990001),
									["EasingDirection"] = Enum.EasingDirection.In
								},
								["Left Leg"] = {
									["EasingStyle"] = Enum.EasingStyle.Linear,
									["Weight"] = 1,
									["CFrame"] = CFrame.new(0.0959835,0.0622551,0.0215682,0.839358,-0.112875,0.531731,0.0747745,0.992879,0.0927323,-0.538412,-0.0380756,0.841821),
									["EasingDirection"] = Enum.EasingDirection.In
								},
								["Right Leg"] = {
									["EasingStyle"] = Enum.EasingStyle.Linear,
									["Weight"] = 1,
									["CFrame"] = CFrame.new(0.272827,0.0953218,0.0620061,0.985544,0.133579,-0.10421,-0.126433,0.989327,0.0724335,0.112774,-0.0582109,0.991914),
									["EasingDirection"] = Enum.EasingDirection.In
								},
							},
							["EasingDirection"] = Enum.EasingDirection.In
						},
					},
					["EasingDirection"] = Enum.EasingDirection.In
				},
			},
			["Markers"] = {}
		},
		[2.71667] = {
			["Poses"] = {
				["HumanoidRootPart"] = {
					["EasingStyle"] = Enum.EasingStyle.Linear,
					["Weight"] = 1,
					["CFrame"] = CFrame.new(0,0,0,1,0,0,0,1,0,0,0,1),
					["SubPoses"] = {
						["Torso"] = {
							["EasingStyle"] = Enum.EasingStyle.Linear,
							["Weight"] = 1,
							["CFrame"] = CFrame.new(-0.00470385,-0.013654,-0.0743976,1,2.38419e-07,-8.74228e-08,-2.38419e-07,1,2.08432e-14,8.74228e-08,0,1),
							["SubPoses"] = {
								["Head"] = {
									["EasingStyle"] = Enum.EasingStyle.Linear,
									["Weight"] = 1,
									["CFrame"] = CFrame.new(8.89914e-08,-1.90163e-10,0.0166621,0.999981,0.00606066,-0.000694594,-0.00607099,0.977546,-0.210634,-0.000597564,0.210634,0.977565),
									["EasingDirection"] = Enum.EasingDirection.In
								},
								["Left Arm"] = {
									["EasingStyle"] = Enum.EasingStyle.Linear,
									["Weight"] = 1,
									["CFrame"] = CFrame.new(-0.0213988,-0.149606,0.00678933,0.996608,-0.00513135,0.0821325,-0.00189324,0.99636,0.0852225,-0.0822708,-0.0850892,0.992971),
									["EasingDirection"] = Enum.EasingDirection.In
								},
								["Right Arm"] = {
									["EasingStyle"] = Enum.EasingStyle.Linear,
									["Weight"] = 1,
									["CFrame"] = CFrame.new(0.0267461,-0.144937,0.0253812,0.993163,0.00975778,-0.116332,-0.000676473,0.996965,0.0778488,0.116739,-0.0772379,0.990155),
									["EasingDirection"] = Enum.EasingDirection.In
								},
								["Left Leg"] = {
									["EasingStyle"] = Enum.EasingStyle.Linear,
									["Weight"] = 1,
									["CFrame"] = CFrame.new(0.102429,0.0615191,0.0182095,0.838252,-0.109999,0.534073,0.071373,0.993149,0.0925274,-0.540592,-0.0394429,0.84036),
									["EasingDirection"] = Enum.EasingDirection.In
								},
								["Right Leg"] = {
									["EasingStyle"] = Enum.EasingStyle.Linear,
									["Weight"] = 1,
									["CFrame"] = CFrame.new(0.268846,0.0943204,0.0630699,0.985446,0.132098,-0.106986,-0.124826,0.989558,0.0720623,0.115388,-0.0576589,0.991646),
									["EasingDirection"] = Enum.EasingDirection.In
								},
							},
							["EasingDirection"] = Enum.EasingDirection.In
						},
					},
					["EasingDirection"] = Enum.EasingDirection.In
				},
			},
			["Markers"] = {}
		},
		[2.73333] = {
			["Poses"] = {
				["HumanoidRootPart"] = {
					["EasingStyle"] = Enum.EasingStyle.Linear,
					["Weight"] = 1,
					["CFrame"] = CFrame.new(0,0,0,1,0,0,0,1,0,0,0,1),
					["SubPoses"] = {
						["Torso"] = {
							["EasingStyle"] = Enum.EasingStyle.Linear,
							["Weight"] = 1,
							["CFrame"] = CFrame.new(-0.00462493,-0.0134249,-0.0731494,1,2.38419e-07,-8.74228e-08,-2.38419e-07,1,2.08432e-14,8.74228e-08,0,1),
							["SubPoses"] = {
								["Head"] = {
									["EasingStyle"] = Enum.EasingStyle.Linear,
									["Weight"] = 1,
									["CFrame"] = CFrame.new(8.90459e-08,-1.71345e-10,0.0166621,0.999981,0.00606066,-0.000694594,-0.00607263,0.978134,-0.207889,-0.00058054,0.207889,0.978152),
									["EasingDirection"] = Enum.EasingDirection.In
								},
								["Left Arm"] = {
									["EasingStyle"] = Enum.EasingStyle.Linear,
									["Weight"] = 1,
									["CFrame"] = CFrame.new(-0.0212562,-0.14846,0.00652099,0.996681,-0.00505589,0.081252,-0.00189324,0.99636,0.0852225,-0.0813871,-0.0850936,0.993043),
									["EasingDirection"] = Enum.EasingDirection.In
								},
								["Right Arm"] = {
									["EasingStyle"] = Enum.EasingStyle.Linear,
									["Weight"] = 1,
									["CFrame"] = CFrame.new(0.0265553,-0.143986,0.0252962,0.993319,0.00965346,-0.114995,-0.000676473,0.996965,0.0778489,0.115397,-0.0772511,0.990311),
									["EasingDirection"] = Enum.EasingDirection.In
								},
								["Left Leg"] = {
									["EasingStyle"] = Enum.EasingStyle.Linear,
									["Weight"] = 1,
									["CFrame"] = CFrame.new(0.10916,0.0607523,0.0146346,0.837135,-0.106978,0.536434,0.067791,0.993419,0.0923196,-0.54278,-0.0409185,0.838878),
									["EasingDirection"] = Enum.EasingDirection.In
								},
								["Right Leg"] = {
									["EasingStyle"] = Enum.EasingStyle.Linear,
									["Weight"] = 1,
									["CFrame"] = CFrame.new(0.264937,0.0933574,0.0641342,0.98533,0.130661,-0.109787,-0.123264,0.989781,0.0716865,0.118032,-0.0571021,0.991367),
									["EasingDirection"] = Enum.EasingDirection.In
								},
							},
							["EasingDirection"] = Enum.EasingDirection.In
						},
					},
					["EasingDirection"] = Enum.EasingDirection.In
				},
			},
			["Markers"] = {}
		},
		[2.75] = {
			["Poses"] = {
				["HumanoidRootPart"] = {
					["EasingStyle"] = Enum.EasingStyle.Linear,
					["Weight"] = 1,
					["CFrame"] = CFrame.new(0,0,0,1,0,0,0,1,0,0,0,1),
					["SubPoses"] = {
						["Torso"] = {
							["EasingStyle"] = Enum.EasingStyle.Linear,
							["Weight"] = 1,
							["CFrame"] = CFrame.new(-0.0045453,-0.0131937,-0.0718899,1,2.38419e-07,-8.74228e-08,-2.38419e-07,1,2.08432e-14,8.74228e-08,0,1),
							["SubPoses"] = {
								["Head"] = {
									["EasingStyle"] = Enum.EasingStyle.Linear,
									["Weight"] = 1,
									["CFrame"] = CFrame.new(8.86352e-08,-1.5236e-10,0.0166621,0.999981,0.00606066,-0.000694595,-0.00607435,0.978729,-0.205068,-0.000563031,0.205068,0.978748),
									["EasingDirection"] = Enum.EasingDirection.In
								},
								["Left Arm"] = {
									["EasingStyle"] = Enum.EasingStyle.Linear,
									["Weight"] = 1,
									["CFrame"] = CFrame.new(-0.0211097,-0.147284,0.00624549,0.996754,-0.0049784,0.0803476,-0.00189324,0.99636,0.0852225,-0.0804795,-0.0850982,0.993117),
									["EasingDirection"] = Enum.EasingDirection.In
								},
								["Right Arm"] = {
									["EasingStyle"] = Enum.EasingStyle.Linear,
									["Weight"] = 1,
									["CFrame"] = CFrame.new(0.0263593,-0.14301,0.025209,0.993478,0.00954627,-0.11362,-0.000676473,0.996965,0.0778488,0.114019,-0.0772644,0.99047),
									["EasingDirection"] = Enum.EasingDirection.In
								},
								["Left Leg"] = {
									["EasingStyle"] = Enum.EasingStyle.Linear,
									["Weight"] = 1,
									["CFrame"] = CFrame.new(0.115985,0.0599815,0.0109584,0.835993,-0.10391,0.538812,0.0641435,0.993681,0.092109,-0.544978,-0.0424412,0.837376),
									["EasingDirection"] = Enum.EasingDirection.In
								},
								["Right Leg"] = {
									["EasingStyle"] = Enum.EasingStyle.Linear,
									["Weight"] = 1,
									["CFrame"] = CFrame.new(0.260977,0.0923814,0.0651884,0.985203,0.129202,-0.112614,-0.121681,0.990005,0.0713066,0.120701,-0.0565486,0.991077),
									["EasingDirection"] = Enum.EasingDirection.In
								},
							},
							["EasingDirection"] = Enum.EasingDirection.In
						},
					},
					["EasingDirection"] = Enum.EasingDirection.In
				},
			},
			["Markers"] = {}
		},
		[2.76667] = {
			["Poses"] = {
				["HumanoidRootPart"] = {
					["EasingStyle"] = Enum.EasingStyle.Linear,
					["Weight"] = 1,
					["CFrame"] = CFrame.new(0,0,0,1,0,0,0,1,0,0,0,1),
					["SubPoses"] = {
						["Torso"] = {
							["EasingStyle"] = Enum.EasingStyle.Linear,
							["Weight"] = 1,
							["CFrame"] = CFrame.new(-0.00446501,-0.0129607,-0.0706201,1,2.38419e-07,-8.74228e-08,-2.38419e-07,1,2.08432e-14,8.74228e-08,0,1),
							["SubPoses"] = {
								["Head"] = {
									["EasingStyle"] = Enum.EasingStyle.Linear,
									["Weight"] = 1,
									["CFrame"] = CFrame.new(8.86907e-08,-1.33219e-10,0.0166621,0.999981,0.00606066,-0.000694596,-0.00607593,0.979331,-0.202173,-0.000545053,0.202174,0.97935),
									["EasingDirection"] = Enum.EasingDirection.In
								},
								["Left Arm"] = {
									["EasingStyle"] = Enum.EasingStyle.Linear,
									["Weight"] = 1,
									["CFrame"] = CFrame.new(-0.0209596,-0.146077,0.00596321,0.996829,-0.00489894,0.0794203,-0.00189324,0.99636,0.0852225,-0.0795487,-0.0851027,0.993192),
									["EasingDirection"] = Enum.EasingDirection.In
								},
								["Right Arm"] = {
									["EasingStyle"] = Enum.EasingStyle.Linear,
									["Weight"] = 1,
									["CFrame"] = CFrame.new(0.0261584,-0.142009,0.0251193,0.99364,0.00943635,-0.112211,-0.000676473,0.996965,0.0778489,0.112605,-0.0772779,0.99063),
									["EasingDirection"] = Enum.EasingDirection.In
								},
								["Left Leg"] = {
									["EasingStyle"] = Enum.EasingStyle.Linear,
									["Weight"] = 1,
									["CFrame"] = CFrame.new(0.12302,0.0591926,0.00710547,0.834835,-0.100735,0.541205,0.0603586,0.993938,0.0918958,-0.547181,-0.0440514,0.835854),
									["EasingDirection"] = Enum.EasingDirection.In
								},
								["Right Leg"] = {
									["EasingStyle"] = Enum.EasingStyle.Linear,
									["Weight"] = 1,
									["CFrame"] = CFrame.new(0.256968,0.0913941,0.0662313,0.985066,0.127723,-0.115463,-0.120079,0.990228,0.0709226,0.123393,-0.0559989,0.990777),
									["EasingDirection"] = Enum.EasingDirection.In
								},
							},
							["EasingDirection"] = Enum.EasingDirection.In
						},
					},
					["EasingDirection"] = Enum.EasingDirection.In
				},
			},
			["Markers"] = {}
		},
		[2.78333] = {
			["Poses"] = {
				["HumanoidRootPart"] = {
					["EasingStyle"] = Enum.EasingStyle.Linear,
					["Weight"] = 1,
					["CFrame"] = CFrame.new(0,0,0,1,0,0,0,1,0,0,0,1),
					["SubPoses"] = {
						["Torso"] = {
							["EasingStyle"] = Enum.EasingStyle.Linear,
							["Weight"] = 1,
							["CFrame"] = CFrame.new(-0.00438411,-0.0127259,-0.0693407,1,2.38419e-07,-8.74228e-08,-2.38419e-07,1,2.08432e-14,8.74228e-08,0,1),
							["SubPoses"] = {
								["Head"] = {
									["EasingStyle"] = Enum.EasingStyle.Linear,
									["Weight"] = 1,
									["CFrame"] = CFrame.new(8.87465e-08,-1.13931e-10,0.0166621,0.999981,0.00606066,-0.000694596,-0.00607751,0.979938,-0.199208,-0.00052665,0.199209,0.979957),
									["EasingDirection"] = Enum.EasingDirection.In
								},
								["Left Arm"] = {
									["EasingStyle"] = Enum.EasingStyle.Linear,
									["Weight"] = 1,
									["CFrame"] = CFrame.new(-0.0208059,-0.144843,0.005674,0.996905,-0.00481758,0.0784709,-0.00189324,0.99636,0.0852225,-0.0785959,-0.0851074,0.993267),
									["EasingDirection"] = Enum.EasingDirection.In
								},
								["Right Arm"] = {
									["EasingStyle"] = Enum.EasingStyle.Linear,
									["Weight"] = 1,
									["CFrame"] = CFrame.new(0.0259528,-0.140984,0.025028,0.993803,0.00932381,-0.110769,-0.000676474,0.996965,0.0778489,0.111158,-0.0772916,0.990793),
									["EasingDirection"] = Enum.EasingDirection.In
								},
								["Left Leg"] = {
									["EasingStyle"] = Enum.EasingStyle.Linear,
									["Weight"] = 1,
									["CFrame"] = CFrame.new(0.130271,0.0583854,0.00306845,0.83366,-0.0974496,0.543613,0.0564316,0.994188,0.09168,-0.549388,-0.0457529,0.834314),
									["EasingDirection"] = Enum.EasingDirection.In
								},
								["Right Leg"] = {
									["EasingStyle"] = Enum.EasingStyle.Linear,
									["Weight"] = 1,
									["CFrame"] = CFrame.new(0.252913,0.0903949,0.0672613,0.984919,0.126224,-0.118333,-0.118458,0.990451,0.0705349,0.126106,-0.0554536,0.990466),
									["EasingDirection"] = Enum.EasingDirection.In
								},
							},
							["EasingDirection"] = Enum.EasingDirection.In
						},
					},
					["EasingDirection"] = Enum.EasingDirection.In
				},
			},
			["Markers"] = {}
		},
		[2.8] = {
			["Poses"] = {
				["HumanoidRootPart"] = {
					["EasingStyle"] = Enum.EasingStyle.Linear,
					["Weight"] = 1,
					["CFrame"] = CFrame.new(0,0,0,1,0,0,0,1,0,0,0,1),
					["SubPoses"] = {
						["Torso"] = {
							["EasingStyle"] = Enum.EasingStyle.Linear,
							["Weight"] = 1,
							["CFrame"] = CFrame.new(-0.00430265,-0.0124894,-0.0680523,1,2.38419e-07,-8.74228e-08,-2.38419e-07,1,2.08432e-14,8.74228e-08,0,1),
							["SubPoses"] = {
								["Head"] = {
									["EasingStyle"] = Enum.EasingStyle.Linear,
									["Weight"] = 1,
									["CFrame"] = CFrame.new(8.92685e-08,-9.45093e-11,0.0166621,0.999981,0.00606066,-0.000694597,-0.00607912,0.98055,-0.196176,-0.000507852,0.196176,0.980569),
									["EasingDirection"] = Enum.EasingDirection.In
								},
								["Left Arm"] = {
									["EasingStyle"] = Enum.EasingStyle.Linear,
									["Weight"] = 1,
									["CFrame"] = CFrame.new(-0.0206488,-0.143581,0.0053786,0.996981,-0.00473446,0.0775007,-0.00189324,0.99636,0.0852225,-0.0776221,-0.0851121,0.993343),
									["EasingDirection"] = Enum.EasingDirection.In
								},
								["Right Arm"] = {
									["EasingStyle"] = Enum.EasingStyle.Linear,
									["Weight"] = 1,
									["CFrame"] = CFrame.new(0.0257426,-0.139937,0.0249344,0.993967,0.00920877,-0.109294,-0.000676474,0.996965,0.0778489,0.109679,-0.0773054,0.990956),
									["EasingDirection"] = Enum.EasingDirection.In
								},
								["Left Leg"] = {
									["EasingStyle"] = Enum.EasingStyle.Linear,
									["Weight"] = 1,
									["CFrame"] = CFrame.new(0.137859,0.0575468,-0.00123399,0.832474,-0.0939912,0.546033,0.0522862,0.994435,0.0914618,-0.551591,-0.0475896,0.832756),
									["EasingDirection"] = Enum.EasingDirection.In
								},
								["Right Leg"] = {
									["EasingStyle"] = Enum.EasingStyle.Linear,
									["Weight"] = 1,
									["CFrame"] = CFrame.new(0.248808,0.0893835,0.0682768,0.984761,0.124703,-0.121222,-0.116817,0.990673,0.0701436,0.128838,-0.0549139,0.990144),
									["EasingDirection"] = Enum.EasingDirection.In
								},
							},
							["EasingDirection"] = Enum.EasingDirection.In
						},
					},
					["EasingDirection"] = Enum.EasingDirection.In
				},
			},
			["Markers"] = {}
		},
		[2.81667] = {
			["Poses"] = {
				["HumanoidRootPart"] = {
					["EasingStyle"] = Enum.EasingStyle.Linear,
					["Weight"] = 1,
					["CFrame"] = CFrame.new(0,0,0,1,0,0,0,1,0,0,0,1),
					["SubPoses"] = {
						["Torso"] = {
							["EasingStyle"] = Enum.EasingStyle.Linear,
							["Weight"] = 1,
							["CFrame"] = CFrame.new(-0.00422067,-0.0122514,-0.0667555,1,2.38419e-07,-8.74228e-08,-2.38419e-07,1,2.08432e-14,8.74228e-08,0,1),
							["SubPoses"] = {
								["Head"] = {
									["EasingStyle"] = Enum.EasingStyle.Linear,
									["Weight"] = 1,
									["CFrame"] = CFrame.new(8.88594e-08,-7.49641e-11,0.0166621,0.999981,0.00606066,-0.000694598,-0.00608072,0.981165,-0.193078,-0.000488674,0.193079,0.981183),
									["EasingDirection"] = Enum.EasingDirection.In
								},
								["Left Arm"] = {
									["EasingStyle"] = Enum.EasingStyle.Linear,
									["Weight"] = 1,
									["CFrame"] = CFrame.new(-0.0204885,-0.142293,0.00507689,0.997058,-0.0046496,0.0765102,-0.00189324,0.99636,0.0852226,-0.076628,-0.0851168,0.99342),
									["EasingDirection"] = Enum.EasingDirection.In
								},
								["Right Arm"] = {
									["EasingStyle"] = Enum.EasingStyle.Linear,
									["Weight"] = 1,
									["CFrame"] = CFrame.new(0.0255281,-0.138868,0.024839,0.994132,0.00909134,-0.107789,-0.000676473,0.996965,0.0778489,0.108169,-0.0773193,0.991121),
									["EasingDirection"] = Enum.EasingDirection.In
								},
								["Left Leg"] = {
									["EasingStyle"] = Enum.EasingStyle.Linear,
									["Weight"] = 1,
									["CFrame"] = CFrame.new(0.145626,0.0566978,-0.00570685,0.831269,-0.0904398,0.548464,0.0480173,0.994671,0.0912412,-0.553793,-0.0495102,0.831181),
									["EasingDirection"] = Enum.EasingDirection.In
								},
								["Right Leg"] = {
									["EasingStyle"] = Enum.EasingStyle.Linear,
									["Weight"] = 1,
									["CFrame"] = CFrame.new(0.244648,0.0883564,0.069276,0.984594,0.123157,-0.124129,-0.115152,0.990896,0.0697488,0.131589,-0.0543807,0.989812),
									["EasingDirection"] = Enum.EasingDirection.In
								},
							},
							["EasingDirection"] = Enum.EasingDirection.In
						},
					},
					["EasingDirection"] = Enum.EasingDirection.In
				},
			},
			["Markers"] = {}
		},
		[2.83333] = {
			["Poses"] = {
				["HumanoidRootPart"] = {
					["EasingStyle"] = Enum.EasingStyle.Linear,
					["Weight"] = 1,
					["CFrame"] = CFrame.new(0,0,0,1,0,0,0,1,0,0,0,1),
					["SubPoses"] = {
						["Torso"] = {
							["EasingStyle"] = Enum.EasingStyle.Linear,
							["Weight"] = 1,
							["CFrame"] = CFrame.new(-0.00413822,-0.0120121,-0.0654516,1,2.38419e-07,-8.74228e-08,-2.38419e-07,1,2.08432e-14,8.74228e-08,0,1),
							["SubPoses"] = {
								["Head"] = {
									["EasingStyle"] = Enum.EasingStyle.Linear,
									["Weight"] = 1,
									["CFrame"] = CFrame.new(8.89164e-08,-5.5307e-11,0.0166621,0.999981,0.00606066,-0.000694598,-0.00608227,0.981781,-0.189919,-0.000469087,0.189919,0.9818),
									["EasingDirection"] = Enum.EasingDirection.In
								},
								["Left Arm"] = {
									["EasingStyle"] = Enum.EasingStyle.Linear,
									["Weight"] = 1,
									["CFrame"] = CFrame.new(-0.0203251,-0.14098,0.00476956,0.997135,-0.00456309,0.0755006,-0.00189324,0.99636,0.0852225,-0.0756147,-0.0851213,0.993497),
									["EasingDirection"] = Enum.EasingDirection.In
								},
								["Right Arm"] = {
									["EasingStyle"] = Enum.EasingStyle.Linear,
									["Weight"] = 1,
									["CFrame"] = CFrame.new(0.0253094,-0.137778,0.0247418,0.994299,0.0089716,-0.106254,-0.000676474,0.996965,0.0778488,0.10663,-0.0773331,0.991287),
									["EasingDirection"] = Enum.EasingDirection.In
								},
								["Left Leg"] = {
									["EasingStyle"] = Enum.EasingStyle.Linear,
									["Weight"] = 1,
									["CFrame"] = CFrame.new(0.153776,0.0558162,-0.0104846,0.830053,-0.0866908,0.550905,0.0434985,0.994899,0.0910185,-0.555985,-0.0515866,0.82959),
									["EasingDirection"] = Enum.EasingDirection.In
								},
								["Right Leg"] = {
									["EasingStyle"] = Enum.EasingStyle.Linear,
									["Weight"] = 1,
									["CFrame"] = CFrame.new(0.240446,0.0873195,0.0702586,0.984415,0.121593,-0.127052,-0.11347,0.991118,0.069351,0.134356,-0.0538536,0.989469),
									["EasingDirection"] = Enum.EasingDirection.In
								},
							},
							["EasingDirection"] = Enum.EasingDirection.In
						},
					},
					["EasingDirection"] = Enum.EasingDirection.In
				},
			},
			["Markers"] = {}
		},
		[2.85] = {
			["Poses"] = {
				["HumanoidRootPart"] = {
					["EasingStyle"] = Enum.EasingStyle.Linear,
					["Weight"] = 1,
					["CFrame"] = CFrame.new(0,0,0,1,0,0,0,1,0,0,0,1),
					["SubPoses"] = {
						["Torso"] = {
							["EasingStyle"] = Enum.EasingStyle.Linear,
							["Weight"] = 1,
							["CFrame"] = CFrame.new(-0.00405535,-0.0117716,-0.0641408,1,2.38419e-07,-8.74228e-08,-2.38419e-07,1,2.08432e-14,8.74228e-08,0,1),
							["SubPoses"] = {
								["Head"] = {
									["EasingStyle"] = Enum.EasingStyle.Linear,
									["Weight"] = 1,
									["CFrame"] = CFrame.new(8.89736e-08,-3.5549e-11,0.0166621,0.999981,0.00606066,-0.000694599,-0.00608381,0.982398,-0.1867,-0.000449141,0.186701,0.982417),
									["EasingDirection"] = Enum.EasingDirection.In
								},
								["Left Arm"] = {
									["EasingStyle"] = Enum.EasingStyle.Linear,
									["Weight"] = 1,
									["CFrame"] = CFrame.new(-0.0201588,-0.139644,0.00445676,0.997213,-0.00447504,0.0744729,-0.00189324,0.99636,0.0852225,-0.0745832,-0.0851261,0.993575),
									["EasingDirection"] = Enum.EasingDirection.In
								},
								["Right Arm"] = {
									["EasingStyle"] = Enum.EasingStyle.Linear,
									["Weight"] = 1,
									["CFrame"] = CFrame.new(0.0250868,-0.13667,0.0246428,0.994465,0.00884971,-0.104692,-0.000676474,0.996965,0.0778487,0.105063,-0.0773472,0.991453),
									["EasingDirection"] = Enum.EasingDirection.In
								},
								["Left Leg"] = {
									["EasingStyle"] = Enum.EasingStyle.Linear,
									["Weight"] = 1,
									["CFrame"] = CFrame.new(0.162153,0.0549231,-0.0154725,0.828819,-0.082823,0.553353,0.038823,0.995113,0.0907936,-0.558169,-0.0537685,0.827983),
									["EasingDirection"] = Enum.EasingDirection.In
								},
								["Right Leg"] = {
									["EasingStyle"] = Enum.EasingStyle.Linear,
									["Weight"] = 1,
									["CFrame"] = CFrame.new(0.236204,0.0862728,0.0712239,0.984226,0.12001,-0.129989,-0.111771,0.991339,0.0689502,0.137138,-0.0533335,0.989115),
									["EasingDirection"] = Enum.EasingDirection.In
								},
							},
							["EasingDirection"] = Enum.EasingDirection.In
						},
					},
					["EasingDirection"] = Enum.EasingDirection.In
				},
			},
			["Markers"] = {}
		},
		[2.86667] = {
			["Poses"] = {
				["HumanoidRootPart"] = {
					["EasingStyle"] = Enum.EasingStyle.Linear,
					["Weight"] = 1,
					["CFrame"] = CFrame.new(0,0,0,1,0,0,0,1,0,0,0,1),
					["SubPoses"] = {
						["Torso"] = {
							["EasingStyle"] = Enum.EasingStyle.Linear,
							["Weight"] = 1,
							["CFrame"] = CFrame.new(-0.00397211,-0.0115299,-0.0628242,1,2.38419e-07,-8.74228e-08,-2.38419e-07,1,2.08432e-14,8.74228e-08,0,1),
							["SubPoses"] = {
								["Head"] = {
									["EasingStyle"] = Enum.EasingStyle.Linear,
									["Weight"] = 1,
									["CFrame"] = CFrame.new(8.90311e-08,-1.57014e-11,0.0166621,0.999981,0.00606066,-0.0006946,-0.00608523,0.983015,-0.183426,-0.000428868,0.183426,0.983033),
									["EasingDirection"] = Enum.EasingDirection.In
								},
								["Left Arm"] = {
									["EasingStyle"] = Enum.EasingStyle.Linear,
									["Weight"] = 1,
									["CFrame"] = CFrame.new(-0.0199897,-0.138285,0.00413871,0.997291,-0.0043855,0.0734278,-0.00189324,0.99636,0.0852225,-0.0735343,-0.0851307,0.993653),
									["EasingDirection"] = Enum.EasingDirection.In
								},
								["Right Arm"] = {
									["EasingStyle"] = Enum.EasingStyle.Linear,
									["Weight"] = 1,
									["CFrame"] = CFrame.new(0.0248605,-0.135542,0.0245421,0.994632,0.00872577,-0.103103,-0.000676474,0.996965,0.0778489,0.103469,-0.0773614,0.99162),
									["EasingDirection"] = Enum.EasingDirection.In
								},
								["Left Leg"] = {
									["EasingStyle"] = Enum.EasingStyle.Linear,
									["Weight"] = 1,
									["CFrame"] = CFrame.new(0.171033,0.0539894,-0.0208563,0.827577,-0.0786934,0.555809,0.033818,0.995316,0.0905667,-0.560332,-0.0561546,0.826362),
									["EasingDirection"] = Enum.EasingDirection.In
								},
								["Right Leg"] = {
									["EasingStyle"] = Enum.EasingStyle.Linear,
									["Weight"] = 1,
									["CFrame"] = CFrame.new(0.231925,0.0852171,0.0721704,0.984025,0.118411,-0.132939,-0.110058,0.991559,0.0685467,0.139933,-0.0528208,0.988751),
									["EasingDirection"] = Enum.EasingDirection.In
								},
							},
							["EasingDirection"] = Enum.EasingDirection.In
						},
					},
					["EasingDirection"] = Enum.EasingDirection.In
				},
			},
			["Markers"] = {}
		},
		[2.88333] = {
			["Poses"] = {
				["HumanoidRootPart"] = {
					["EasingStyle"] = Enum.EasingStyle.Linear,
					["Weight"] = 1,
					["CFrame"] = CFrame.new(0,0,0,1,0,0,0,1,0,0,0,1),
					["SubPoses"] = {
						["Torso"] = {
							["EasingStyle"] = Enum.EasingStyle.Linear,
							["Weight"] = 1,
							["CFrame"] = CFrame.new(-0.00388853,-0.0112873,-0.0615022,1,2.38419e-07,-8.74228e-08,-2.38419e-07,1,2.08432e-14,8.74228e-08,0,1),
							["SubPoses"] = {
								["Head"] = {
									["EasingStyle"] = Enum.EasingStyle.Linear,
									["Weight"] = 1,
									["CFrame"] = CFrame.new(8.8856e-08,4.2244e-12,0.0166621,0.999981,0.00606066,-0.000694601,-0.00608663,0.98363,-0.180098,-0.000408267,0.180099,0.983649),
									["EasingDirection"] = Enum.EasingDirection.In
								},
								["Left Arm"] = {
									["EasingStyle"] = Enum.EasingStyle.Linear,
									["Weight"] = 1,
									["CFrame"] = CFrame.new(-0.0198179,-0.136905,0.00381565,0.997369,-0.00429458,0.0723666,-0.00189324,0.99636,0.0852225,-0.0724692,-0.0851354,0.99373),
									["EasingDirection"] = Enum.EasingDirection.In
								},
								["Right Arm"] = {
									["EasingStyle"] = Enum.EasingStyle.Linear,
									["Weight"] = 1,
									["CFrame"] = CFrame.new(0.0246307,-0.134397,0.0244399,0.994799,0.00859986,-0.101489,-0.000676474,0.996965,0.0778487,0.10185,-0.0773754,0.991786),
									["EasingDirection"] = Enum.EasingDirection.In
								},
								["Left Leg"] = {
									["EasingStyle"] = Enum.EasingStyle.Linear,
									["Weight"] = 1,
									["CFrame"] = CFrame.new(0.180204,0.0530431,-0.0265034,0.826316,-0.0744112,0.558269,0.0286131,0.9955,0.0903379,-0.562479,-0.058674,0.824727),
									["EasingDirection"] = Enum.EasingDirection.In
								},
								["Right Leg"] = {
									["EasingStyle"] = Enum.EasingStyle.Linear,
									["Weight"] = 1,
									["CFrame"] = CFrame.new(0.227609,0.0841526,0.0730973,0.983814,0.116796,-0.135899,-0.108329,0.991777,0.0681407,0.14274,-0.052316,0.988377),
									["EasingDirection"] = Enum.EasingDirection.In
								},
							},
							["EasingDirection"] = Enum.EasingDirection.In
						},
					},
					["EasingDirection"] = Enum.EasingDirection.In
				},
			},
			["Markers"] = {}
		},
		[2.9] = {
			["Poses"] = {
				["HumanoidRootPart"] = {
					["EasingStyle"] = Enum.EasingStyle.Linear,
					["Weight"] = 1,
					["CFrame"] = CFrame.new(0,0,0,1,0,0,0,1,0,0,0,1),
					["SubPoses"] = {
						["Torso"] = {
							["EasingStyle"] = Enum.EasingStyle.Linear,
							["Weight"] = 1,
							["CFrame"] = CFrame.new(-0.00380467,-0.0110439,-0.0601759,1,2.38419e-07,-8.74228e-08,-2.38419e-07,1,2.08432e-14,8.74228e-08,0,1),
							["SubPoses"] = {
								["Head"] = {
									["EasingStyle"] = Enum.EasingStyle.Linear,
									["Weight"] = 1,
									["CFrame"] = CFrame.new(8.89139e-08,2.42176e-11,0.0166621,0.999981,0.00606066,-0.000694601,-0.00608799,0.984242,-0.17672,-0.000387391,0.176721,0.984261),
									["EasingDirection"] = Enum.EasingDirection.In
								},
								["Left Arm"] = {
									["EasingStyle"] = Enum.EasingStyle.Linear,
									["Weight"] = 1,
									["CFrame"] = CFrame.new(-0.0196437,-0.135506,0.00348806,0.997447,-0.00420234,0.0712899,-0.00189324,0.99636,0.0852225,-0.0713886,-0.08514,0.993808),
									["EasingDirection"] = Enum.EasingDirection.In
								},
								["Right Arm"] = {
									["EasingStyle"] = Enum.EasingStyle.Linear,
									["Weight"] = 1,
									["CFrame"] = CFrame.new(0.0243976,-0.133236,0.0243365,0.994966,0.00847214,-0.0998517,-0.000676474,0.996965,0.0778489,0.100208,-0.0773896,0.991952),
									["EasingDirection"] = Enum.EasingDirection.In
								},
								["Left Leg"] = {
									["EasingStyle"] = Enum.EasingStyle.Linear,
									["Weight"] = 1,
									["CFrame"] = CFrame.new(0.19,0.0520521,-0.0326427,0.825049,-0.0698022,0.560733,0.0229967,0.995667,0.0901075,-0.564593,-0.0614481,0.823079),
									["EasingDirection"] = Enum.EasingDirection.In
								},
								["Right Leg"] = {
									["EasingStyle"] = Enum.EasingStyle.Linear,
									["Weight"] = 1,
									["CFrame"] = CFrame.new(0.223261,0.0830799,0.0740035,0.983592,0.115165,-0.138868,-0.106586,0.991994,0.0677324,0.145557,-0.0518196,0.987992),
									["EasingDirection"] = Enum.EasingDirection.In
								},
							},
							["EasingDirection"] = Enum.EasingDirection.In
						},
					},
					["EasingDirection"] = Enum.EasingDirection.In
				},
			},
			["Markers"] = {}
		},
		[2.91667] = {
			["Poses"] = {
				["HumanoidRootPart"] = {
					["EasingStyle"] = Enum.EasingStyle.Linear,
					["Weight"] = 1,
					["CFrame"] = CFrame.new(0,0,0,1,0,0,0,1,0,0,0,1),
					["SubPoses"] = {
						["Torso"] = {
							["EasingStyle"] = Enum.EasingStyle.Linear,
							["Weight"] = 1,
							["CFrame"] = CFrame.new(-0.00372058,-0.0107998,-0.058846,1,2.38419e-07,-8.74228e-08,-2.38419e-07,1,2.08432e-14,8.74228e-08,0,1),
							["SubPoses"] = {
								["Head"] = {
									["EasingStyle"] = Enum.EasingStyle.Linear,
									["Weight"] = 1,
									["CFrame"] = CFrame.new(8.8972e-08,4.42668e-11,0.0166621,0.999981,0.00606066,-0.000694602,-0.00608934,0.984851,-0.173295,-0.000366172,0.173296,0.98487),
									["EasingDirection"] = Enum.EasingDirection.In
								},
								["Left Arm"] = {
									["EasingStyle"] = Enum.EasingStyle.Linear,
									["Weight"] = 1,
									["CFrame"] = CFrame.new(-0.0194672,-0.134088,0.00315607,0.997525,-0.00410887,0.0701989,-0.00189324,0.99636,0.0852226,-0.0702936,-0.0851446,0.993886),
									["EasingDirection"] = Enum.EasingDirection.In
								},
								["Right Arm"] = {
									["EasingStyle"] = Enum.EasingStyle.Linear,
									["Weight"] = 1,
									["CFrame"] = CFrame.new(0.0241614,-0.132059,0.0242316,0.995133,0.00834268,-0.0981924,-0.000676474,0.996965,0.0778487,0.0985439,-0.0774035,0.992118),
									["EasingDirection"] = Enum.EasingDirection.In
								},
								["Left Leg"] = {
									["EasingStyle"] = Enum.EasingStyle.Linear,
									["Weight"] = 1,
									["CFrame"] = CFrame.new(0.200385,0.0510272,-0.0392597,0.82377,-0.064884,0.563199,0.0169881,0.995808,0.0898754,-0.56667,-0.064469,0.821419),
									["EasingDirection"] = Enum.EasingDirection.In
								},
								["Right Leg"] = {
									["EasingStyle"] = Enum.EasingStyle.Linear,
									["Weight"] = 1,
									["CFrame"] = CFrame.new(0.21888,0.0819997,0.0748882,0.983358,0.11352,-0.141845,-0.10483,0.992209,0.0673221,0.148382,-0.0513321,0.987597),
									["EasingDirection"] = Enum.EasingDirection.In
								},
							},
							["EasingDirection"] = Enum.EasingDirection.In
						},
					},
					["EasingDirection"] = Enum.EasingDirection.In
				},
			},
			["Markers"] = {}
		},
		[2.93333] = {
			["Poses"] = {
				["HumanoidRootPart"] = {
					["EasingStyle"] = Enum.EasingStyle.Linear,
					["Weight"] = 1,
					["CFrame"] = CFrame.new(0,0,0,1,0,0,0,1,0,0,0,1),
					["SubPoses"] = {
						["Torso"] = {
							["EasingStyle"] = Enum.EasingStyle.Linear,
							["Weight"] = 1,
							["CFrame"] = CFrame.new(-0.0036363,-0.0105552,-0.057513,1,2.38419e-07,-8.74228e-08,-2.38419e-07,1,2.08432e-14,8.74228e-08,0,1),
							["SubPoses"] = {
								["Head"] = {
									["EasingStyle"] = Enum.EasingStyle.Linear,
									["Weight"] = 1,
									["CFrame"] = CFrame.new(8.87974e-08,6.43608e-11,0.0166621,0.999981,0.00606066,-0.000694603,-0.00609059,0.985456,-0.169825,-0.000344736,0.169826,0.985474),
									["EasingDirection"] = Enum.EasingDirection.In
								},
								["Left Arm"] = {
									["EasingStyle"] = Enum.EasingStyle.Linear,
									["Weight"] = 1,
									["CFrame"] = CFrame.new(-0.0192885,-0.132652,0.0028199,0.997602,-0.00401426,0.0690945,-0.00189324,0.99636,0.0852225,-0.0691851,-0.0851491,0.993963),
									["EasingDirection"] = Enum.EasingDirection.In
								},
								["Right Arm"] = {
									["EasingStyle"] = Enum.EasingStyle.Linear,
									["Weight"] = 1,
									["CFrame"] = CFrame.new(0.0239223,-0.130867,0.0241253,0.995298,0.00821161,-0.0965125,-0.000676474,0.996965,0.0778489,0.0968588,-0.0774176,0.992283),
									["EasingDirection"] = Enum.EasingDirection.In
								},
								["Left Leg"] = {
									["EasingStyle"] = Enum.EasingStyle.Linear,
									["Weight"] = 1,
									["CFrame"] = CFrame.new(0.21165,0.0499479,-0.0465617,0.822485,-0.0595042,0.565666,0.0104003,0.99592,0.0896418,-0.568692,-0.067846,0.819748),
									["EasingDirection"] = Enum.EasingDirection.In
								},
								["Right Leg"] = {
