return {
	["__isAnimPart"] = true,
	["Keyframes"] = {
		[1.31667] = {
			["Poses"] = {
				["HumanoidRootPart"] = {
					["EasingStyle"] = Enum.EasingStyle.Linear,
					["Weight"] = 1,
					["CFrame"] = CFrame.new(0,0,0,1,0,0,0,1,0,0,0,1),
					["SubPoses"] = {
						["Torso"] = {
							["EasingStyle"] = Enum.EasingStyle.Linear,
							["Weight"] = 1,
							["CFrame"] = CFrame.new(-0.00501156,-0.0145472,-0.0792644,1,2.38419e-07,-8.74228e-08,-2.38419e-07,1,2.08432e-14,8.74228e-08,0,1),
							["SubPoses"] = {
								["Head"] = {
									["EasingStyle"] = Enum.EasingStyle.Linear,
									["Weight"] = 1,
									["CFrame"] = CFrame.new(8.92446e-08,-2.63526e-10,0.0166621,0.999981,0.00606065,-0.000694607,-0.00609654,0.988853,-0.148769,-0.000214768,0.148771,0.988872),
									["EasingDirection"] = Enum.EasingDirection.In
								},
								["Left Arm"] = {
									["EasingStyle"] = Enum.EasingStyle.Linear,
									["Weight"] = 1,
									["CFrame"] = CFrame.new(-0.0182068,-0.123962,0.000785947,0.998045,-0.0034413,0.0624058,-0.00189324,0.99636,0.0852225,-0.0624719,-0.0851741,0.994406),
									["EasingDirection"] = Enum.EasingDirection.In
								},
								["Right Arm"] = {
									["EasingStyle"] = Enum.EasingStyle.Linear,
									["Weight"] = 1,
									["CFrame"] = CFrame.new(0.0224747,-0.123655,0.0234828,0.996239,0.00741756,-0.0863353,-0.000676476,0.996965,0.0778487,0.0866507,-0.0774977,0.99322),
									["EasingDirection"] = Enum.EasingDirection.In
								},
								["Left Leg"] = {
									["EasingStyle"] = Enum.EasingStyle.Linear,
									["Weight"] = 1,
									["CFrame"] = CFrame.new(0.0775399,0.064382,0.030885,0.842553,-0.121061,0.524832,0.084406,0.992051,0.0933289,-0.531959,-0.0343355,0.846074),
									["EasingDirection"] = Enum.EasingDirection.In
								},
								["Right Leg"] = {
									["EasingStyle"] = Enum.EasingStyle.Linear,
									["Weight"] = 1,
									["CFrame"] = CFrame.new(0.284098,0.0981065,0.0587474,0.985804,0.137709,-0.0960582,-0.130944,0.98866,0.073519,0.105093,-0.0598971,0.992657),
									["EasingDirection"] = Enum.EasingDirection.In
								},
							},
							["EasingDirection"] = Enum.EasingDirection.In
						},
					},
					["EasingDirection"] = Enum.EasingDirection.In
				},
			},
			["Markers"] = {}
		},
		[1.33333] = {
			["Poses"] = {
				["HumanoidRootPart"] = {
					["EasingStyle"] = Enum.EasingStyle.Linear,
					["Weight"] = 1,
					["CFrame"] = CFrame.new(0,0,0,1,0,0,0,1,0,0,0,1),
					["SubPoses"] = {
						["Torso"] = {
							["EasingStyle"] = Enum.EasingStyle.Linear,
							["Weight"] = 1,
							["CFrame"] = CFrame.new(-0.00508625,-0.014764,-0.080446,1,2.38419e-07,-8.74228e-08,-2.38419e-07,1,2.08432e-14,8.74228e-08,0,1),
							["SubPoses"] = {
								["Head"] = {
									["EasingStyle"] = Enum.EasingStyle.Linear,
									["Weight"] = 1,
									["CFrame"] = CFrame.new(8.87273e-08,-2.81335e-10,0.0166621,0.999981,0.00606065,-0.000694607,-0.00609592,0.988455,-0.151393,-0.000230959,0.151395,0.988473),
									["EasingDirection"] = Enum.EasingDirection.In
								},
								["Left Arm"] = {
									["EasingStyle"] = Enum.EasingStyle.Linear,
									["Weight"] = 1,
									["CFrame"] = CFrame.new(-0.0183413,-0.125043,0.00103879,0.997992,-0.00351258,0.0632379,-0.00189324,0.99636,0.0852225,-0.0633071,-0.0851711,0.994353),
									["EasingDirection"] = Enum.EasingDirection.In
								},
								["Right Arm"] = {
									["EasingStyle"] = Enum.EasingStyle.Linear,
									["Weight"] = 1,
									["CFrame"] = CFrame.new(0.0226548,-0.124552,0.0235627,0.996127,0.00751639,-0.0876019,-0.000676476,0.996965,0.0778489,0.0879212,-0.0774883,0.993109),
									["EasingDirection"] = Enum.EasingDirection.In
								},
								["Left Leg"] = {
									["EasingStyle"] = Enum.EasingStyle.Linear,
									["Weight"] = 1,
									["CFrame"] = CFrame.new(0.0717525,0.0650527,0.03371,0.843582,-0.123611,0.52258,0.0873913,0.991774,0.0935213,-0.529842,-0.0332239,0.847445),
									["EasingDirection"] = Enum.EasingDirection.In
								},
								["Right Leg"] = {
									["EasingStyle"] = Enum.EasingStyle.Linear,
									["Weight"] = 1,
									["CFrame"] = CFrame.new(0.287738,0.0990063,0.0576524,0.985872,0.139038,-0.0934047,-0.132402,0.98844,0.0738706,0.102596,-0.0604601,0.992884),
									["EasingDirection"] = Enum.EasingDirection.In
								},
							},
							["EasingDirection"] = Enum.EasingDirection.In
						},
					},
					["EasingDirection"] = Enum.EasingDirection.In
				},
			},
			["Markers"] = {}
		},
		[1.35] = {
			["Poses"] = {
				["HumanoidRootPart"] = {
					["EasingStyle"] = Enum.EasingStyle.Linear,
					["Weight"] = 1,
					["CFrame"] = CFrame.new(0,0,0,1,0,0,0,1,0,0,0,1),
					["SubPoses"] = {
						["Torso"] = {
							["EasingStyle"] = Enum.EasingStyle.Linear,
							["Weight"] = 1,
							["CFrame"] = CFrame.new(-0.00515996,-0.0149779,-0.0816116,1,2.38419e-07,-8.74228e-08,-2.38419e-07,1,2.08432e-14,8.74228e-08,0,1),
							["SubPoses"] = {
								["Head"] = {
									["EasingStyle"] = Enum.EasingStyle.Linear,
									["Weight"] = 1,
									["CFrame"] = CFrame.new(8.86764e-08,-2.98909e-10,0.0166621,0.999981,0.00606065,-0.000694606,-0.00609533,0.988052,-0.154003,-0.000247029,0.154005,0.98807),
									["EasingDirection"] = Enum.EasingDirection.In
								},
								["Left Arm"] = {
									["EasingStyle"] = Enum.EasingStyle.Linear,
									["Weight"] = 1,
									["CFrame"] = CFrame.new(-0.0184753,-0.126119,0.00129068,0.997939,-0.00358354,0.0640662,-0.00189324,0.99636,0.0852225,-0.0641384,-0.0851684,0.9943),
									["EasingDirection"] = Enum.EasingDirection.In
								},
								["Right Arm"] = {
									["EasingStyle"] = Enum.EasingStyle.Linear,
									["Weight"] = 1,
									["CFrame"] = CFrame.new(0.0228341,-0.125445,0.0236423,0.996015,0.00761474,-0.0888625,-0.000676475,0.996965,0.0778489,0.0891856,-0.0774786,0.992997),
									["EasingDirection"] = Enum.EasingDirection.In
								},
								["Left Leg"] = {
									["EasingStyle"] = Enum.EasingStyle.Linear,
									["Weight"] = 1,
									["CFrame"] = CFrame.new(0.0661139,0.065708,0.0364187,0.84459,-0.126089,0.520355,0.090285,0.991497,0.0937105,-0.527746,-0.0321667,0.848793),
									["EasingDirection"] = Enum.EasingDirection.In
								},
								["Right Leg"] = {
									["EasingStyle"] = Enum.EasingStyle.Linear,
									["Weight"] = 1,
									["CFrame"] = CFrame.new(0.291315,0.0998904,0.0565556,0.985932,0.140343,-0.0907863,-0.133834,0.988221,0.0742169,0.100133,-0.0610225,0.993101),
									["EasingDirection"] = Enum.EasingDirection.In
								},
							},
							["EasingDirection"] = Enum.EasingDirection.In
						},
					},
					["EasingDirection"] = Enum.EasingDirection.In
				},
			},
			["Markers"] = {}
		},
		[1.36667] = {
			["Poses"] = {
				["HumanoidRootPart"] = {
					["EasingStyle"] = Enum.EasingStyle.Linear,
					["Weight"] = 1,
					["CFrame"] = CFrame.new(0,0,0,1,0,0,0,1,0,0,0,1),
					["SubPoses"] = {
						["Torso"] = {
							["EasingStyle"] = Enum.EasingStyle.Linear,
							["Weight"] = 1,
							["CFrame"] = CFrame.new(-0.00523264,-0.0151889,-0.0827613,1,2.38419e-07,-8.74228e-08,-2.38419e-07,1,2.08432e-14,8.74228e-08,0,1),
							["SubPoses"] = {
								["Head"] = {
									["EasingStyle"] = Enum.EasingStyle.Linear,
									["Weight"] = 1,
									["CFrame"] = CFrame.new(8.86262e-08,-3.16236e-10,0.0166621,0.999981,0.00606065,-0.000694606,-0.00609455,0.987643,-0.156599,-0.000263056,0.156601,0.987662),
									["EasingDirection"] = Enum.EasingDirection.In
								},
								["Left Arm"] = {
									["EasingStyle"] = Enum.EasingStyle.Linear,
									["Weight"] = 1,
									["CFrame"] = CFrame.new(-0.0186086,-0.127189,0.00154126,0.997886,-0.00365413,0.0648905,-0.00189324,0.99636,0.0852225,-0.0649657,-0.0851653,0.994247),
									["EasingDirection"] = Enum.EasingDirection.In
								},
								["Right Arm"] = {
									["EasingStyle"] = Enum.EasingStyle.Linear,
									["Weight"] = 1,
									["CFrame"] = CFrame.new(0.0230124,-0.126334,0.0237213,0.995901,0.0077126,-0.0901167,-0.000676474,0.996965,0.0778489,0.0904435,-0.0774689,0.992884),
									["EasingDirection"] = Enum.EasingDirection.In
								},
								["Left Leg"] = {
									["EasingStyle"] = Enum.EasingStyle.Linear,
									["Weight"] = 1,
									["CFrame"] = CFrame.new(0.0606179,0.0663482,0.0390178,0.845577,-0.128497,0.518158,0.0930917,0.99122,0.0938961,-0.525674,-0.0311603,0.850115),
									["EasingDirection"] = Enum.EasingDirection.In
								},
								["Right Leg"] = {
									["EasingStyle"] = Enum.EasingStyle.Linear,
									["Weight"] = 1,
									["CFrame"] = CFrame.new(0.29483,0.10076,0.0554582,0.985983,0.141622,-0.0882038,-0.135243,0.988003,0.0745575,0.0977047,-0.0615835,0.993308),
									["EasingDirection"] = Enum.EasingDirection.In
								},
							},
							["EasingDirection"] = Enum.EasingDirection.In
						},
					},
					["EasingDirection"] = Enum.EasingDirection.In
				},
			},
			["Markers"] = {}
		},
		[1.38333] = {
			["Poses"] = {
				["HumanoidRootPart"] = {
					["EasingStyle"] = Enum.EasingStyle.Linear,
					["Weight"] = 1,
					["CFrame"] = CFrame.new(0,0,0,1,0,0,0,1,0,0,0,1),
					["SubPoses"] = {
						["Torso"] = {
							["EasingStyle"] = Enum.EasingStyle.Linear,
							["Weight"] = 1,
							["CFrame"] = CFrame.new(-0.00530423,-0.0153967,-0.0838935,1,2.38419e-07,-8.74228e-08,-2.38419e-07,1,2.08432e-14,8.74228e-08,0,1),
							["SubPoses"] = {
								["Head"] = {
									["EasingStyle"] = Enum.EasingStyle.Linear,
									["Weight"] = 1,
									["CFrame"] = CFrame.new(8.90424e-08,-3.33305e-10,0.0166621,0.999981,0.00606065,-0.000694605,-0.00609392,0.987231,-0.15918,-0.000278985,0.159181,0.987249),
									["EasingDirection"] = Enum.EasingDirection.In
								},
								["Left Arm"] = {
									["EasingStyle"] = Enum.EasingStyle.Linear,
									["Weight"] = 1,
									["CFrame"] = CFrame.new(-0.0187411,-0.128254,0.00179052,0.997832,-0.00372434,0.06571,-0.00189324,0.99636,0.0852225,-0.0657883,-0.0851623,0.994193),
									["EasingDirection"] = Enum.EasingDirection.In
								},
								["Right Arm"] = {
									["EasingStyle"] = Enum.EasingStyle.Linear,
									["Weight"] = 1,
									["CFrame"] = CFrame.new(0.0231898,-0.127217,0.0238001,0.995787,0.00780989,-0.0913636,-0.000676475,0.996965,0.0778488,0.0916943,-0.0774592,0.99277),
									["EasingDirection"] = Enum.EasingDirection.In
								},
								["Left Leg"] = {
									["EasingStyle"] = Enum.EasingStyle.Linear,
									["Weight"] = 1,
									["CFrame"] = CFrame.new(0.0552643,0.0669733,0.0415101,0.846543,-0.130838,0.51599,0.0958126,0.990944,0.0940783,-0.523626,-0.030203,0.851413),
									["EasingDirection"] = Enum.EasingDirection.In
								},
								["Right Leg"] = {
									["EasingStyle"] = Enum.EasingStyle.Linear,
									["Weight"] = 1,
									["CFrame"] = CFrame.new(0.29828,0.101613,0.0543617,0.986027,0.142876,-0.0856598,-0.136625,0.987788,0.0748923,0.0953141,-0.0621426,0.993506),
									["EasingDirection"] = Enum.EasingDirection.In
								},
							},
							["EasingDirection"] = Enum.EasingDirection.In
						},
					},
					["EasingDirection"] = Enum.EasingDirection.In
				},
			},
			["Markers"] = {}
		},
		[1.4] = {
			["Poses"] = {
				["HumanoidRootPart"] = {
					["EasingStyle"] = Enum.EasingStyle.Linear,
					["Weight"] = 1,
					["CFrame"] = CFrame.new(0,0,0,1,0,0,0,1,0,0,0,1),
					["SubPoses"] = {
						["Torso"] = {
							["EasingStyle"] = Enum.EasingStyle.Linear,
							["Weight"] = 1,
							["CFrame"] = CFrame.new(-0.0053747,-0.0156013,-0.0850081,1,2.38419e-07,-8.74228e-08,-2.38419e-07,1,2.08432e-14,8.74228e-08,0,1),
							["SubPoses"] = {
								["Head"] = {
									["EasingStyle"] = Enum.EasingStyle.Linear,
									["Weight"] = 1,
									["CFrame"] = CFrame.new(8.89937e-08,-3.50106e-10,0.0166621,0.999981,0.00606066,-0.000694605,-0.00609316,0.986814,-0.161744,-0.000294817,0.161745,0.986833),
									["EasingDirection"] = Enum.EasingDirection.In
								},
								["Left Arm"] = {
									["EasingStyle"] = Enum.EasingStyle.Linear,
									["Weight"] = 1,
									["CFrame"] = CFrame.new(-0.0188729,-0.129313,0.00203836,0.997778,-0.00379412,0.0665247,-0.00189324,0.99636,0.0852225,-0.0666059,-0.0851591,0.994139),
									["EasingDirection"] = Enum.EasingDirection.In
								},
								["Right Arm"] = {
									["EasingStyle"] = Enum.EasingStyle.Linear,
									["Weight"] = 1,
									["CFrame"] = CFrame.new(0.0233661,-0.128096,0.0238782,0.995672,0.0079066,-0.0926031,-0.000676475,0.996965,0.0778489,0.0929376,-0.0774494,0.992655),
									["EasingDirection"] = Enum.EasingDirection.In
								},
								["Left Leg"] = {
									["EasingStyle"] = Enum.EasingStyle.Linear,
									["Weight"] = 1,
									["CFrame"] = CFrame.new(0.0499248,0.0676028,0.0439733,0.847478,-0.133176,0.513853,0.0985251,0.990661,0.0942568,-0.521607,-0.0292531,0.852684),
									["EasingDirection"] = Enum.EasingDirection.In
								},
								["Right Leg"] = {
									["EasingStyle"] = Enum.EasingStyle.Linear,
									["Weight"] = 1,
									["CFrame"] = CFrame.new(0.301664,0.10245,0.0532678,0.986062,0.144104,-0.0831559,-0.137981,0.987574,0.0752211,0.0929623,-0.0626988,0.993694),
									["EasingDirection"] = Enum.EasingDirection.In
								},
							},
							["EasingDirection"] = Enum.EasingDirection.In
						},
					},
					["EasingDirection"] = Enum.EasingDirection.In
				},
			},
			["Markers"] = {}
		},
		[1.41667] = {
			["Poses"] = {
				["HumanoidRootPart"] = {
					["EasingStyle"] = Enum.EasingStyle.Linear,
					["Weight"] = 1,
					["CFrame"] = CFrame.new(0,0,0,1,0,0,0,1,0,0,0,1),
					["SubPoses"] = {
						["Torso"] = {
							["EasingStyle"] = Enum.EasingStyle.Linear,
							["Weight"] = 1,
							["CFrame"] = CFrame.new(-0.00544399,-0.0158024,-0.0861042,1,2.38419e-07,-8.74228e-08,-2.38419e-07,1,2.08432e-14,8.74228e-08,0,1),
							["SubPoses"] = {
								["Head"] = {
									["EasingStyle"] = Enum.EasingStyle.Linear,
									["Weight"] = 1,
									["CFrame"] = CFrame.new(8.89459e-08,5.64696e-10,0.0166621,0.999981,0.00606066,-0.000694604,-0.00609241,0.986393,-0.16429,-0.000310553,0.164291,0.986412),
									["EasingDirection"] = Enum.EasingDirection.In
								},
								["Left Arm"] = {
									["EasingStyle"] = Enum.EasingStyle.Linear,
									["Weight"] = 1,
									["CFrame"] = CFrame.new(-0.0190038,-0.130365,0.00228453,0.997723,-0.00386346,0.067334,-0.00189324,0.99636,0.0852226,-0.0674182,-0.0851563,0.994084),
									["EasingDirection"] = Enum.EasingDirection.In
								},
								["Right Arm"] = {
									["EasingStyle"] = Enum.EasingStyle.Linear,
									["Weight"] = 1,
									["CFrame"] = CFrame.new(0.0235413,-0.128969,0.0239562,0.995556,0.00800267,-0.0938345,-0.000676475,0.996965,0.0778488,0.0941728,-0.0774394,0.99254),
									["EasingDirection"] = Enum.EasingDirection.In
								},
								["Left Leg"] = {
									["EasingStyle"] = Enum.EasingStyle.Linear,
									["Weight"] = 1,
									["CFrame"] = CFrame.new(0.044858,0.0681959,0.0462586,0.848401,-0.135379,0.51175,0.101076,0.990387,0.0944316,-0.519615,-0.0283904,0.853929),
									["EasingDirection"] = Enum.EasingDirection.In
								},
								["Right Leg"] = {
									["EasingStyle"] = Enum.EasingStyle.Linear,
									["Weight"] = 1,
									["CFrame"] = CFrame.new(0.304979,0.10327,0.052178,0.986091,0.145305,-0.0806933,-0.139311,0.987363,0.0755438,0.0906505,-0.0632516,0.993872),
									["EasingDirection"] = Enum.EasingDirection.In
								},
							},
							["EasingDirection"] = Enum.EasingDirection.In
						},
					},
					["EasingDirection"] = Enum.EasingDirection.In
				},
			},
			["Markers"] = {}
		},
		[1.43333] = {
			["Poses"] = {
				["HumanoidRootPart"] = {
					["EasingStyle"] = Enum.EasingStyle.Linear,
					["Weight"] = 1,
					["CFrame"] = CFrame.new(0,0,0,1,0,0,0,1,0,0,0,1),
					["SubPoses"] = {
						["Torso"] = {
							["EasingStyle"] = Enum.EasingStyle.Linear,
							["Weight"] = 1,
							["CFrame"] = CFrame.new(-0.00551207,-0.016,-0.0871806,1,2.38419e-07,-8.74228e-08,-2.38419e-07,1,2.08432e-14,8.74228e-08,0,1),
							["SubPoses"] = {
								["Head"] = {
									["EasingStyle"] = Enum.EasingStyle.Linear,
									["Weight"] = 1,
									["CFrame"] = CFrame.new(8.88989e-08,5.48466e-10,0.0166621,0.999981,0.00606066,-0.000694603,-0.00609158,0.985969,-0.166818,-0.000326162,0.166819,0.985988),
									["EasingDirection"] = Enum.EasingDirection.In
								},
								["Left Arm"] = {
									["EasingStyle"] = Enum.EasingStyle.Linear,
									["Weight"] = 1,
									["CFrame"] = CFrame.new(-0.0191338,-0.131409,0.00252891,0.997668,-0.0039323,0.0681378,-0.00189324,0.99636,0.0852225,-0.0682249,-0.0851529,0.994029),
									["EasingDirection"] = Enum.EasingDirection.In
								},
								["Right Arm"] = {
									["EasingStyle"] = Enum.EasingStyle.Linear,
									["Weight"] = 1,
									["CFrame"] = CFrame.new(0.0237153,-0.129836,0.0240333,0.995439,0.00809808,-0.0950573,-0.000676474,0.996965,0.0778489,0.0953992,-0.0774296,0.992423),
									["EasingDirection"] = Enum.EasingDirection.In
								},
								["Left Leg"] = {
									["EasingStyle"] = Enum.EasingStyle.Linear,
									["Weight"] = 1,
									["CFrame"] = CFrame.new(0.0399295,0.0687736,0.0484473,0.849303,-0.137518,0.50968,0.103546,0.990116,0.0946026,-0.517652,-0.0275711,0.855147),
									["EasingDirection"] = Enum.EasingDirection.In
								},
								["Right Leg"] = {
									["EasingStyle"] = Enum.EasingStyle.Linear,
									["Weight"] = 1,
									["CFrame"] = CFrame.new(0.308225,0.104073,0.0510936,0.986112,0.146479,-0.078274,-0.140613,0.987154,0.0758601,0.0883805,-0.0638002,0.994041),
									["EasingDirection"] = Enum.EasingDirection.In
								},
							},
							["EasingDirection"] = Enum.EasingDirection.In
						},
					},
					["EasingDirection"] = Enum.EasingDirection.In
				},
			},
			["Markers"] = {}
		},
		[1.45] = {
			["Poses"] = {
				["HumanoidRootPart"] = {
					["EasingStyle"] = Enum.EasingStyle.Linear,
					["Weight"] = 1,
					["CFrame"] = CFrame.new(0,0,0,1,0,0,0,1,0,0,0,1),
					["SubPoses"] = {
						["Torso"] = {
							["EasingStyle"] = Enum.EasingStyle.Linear,
							["Weight"] = 1,
							["CFrame"] = CFrame.new(-0.00557887,-0.0161939,-0.0882373,1,2.38419e-07,-8.74228e-08,-2.38419e-07,1,2.08432e-14,8.74228e-08,0,1),
							["SubPoses"] = {
								["Head"] = {
									["EasingStyle"] = Enum.EasingStyle.Linear,
									["Weight"] = 1,
									["CFrame"] = CFrame.new(8.88527e-08,5.32539e-10,0.0166621,0.999981,0.00606066,-0.000694603,-0.00609074,0.985541,-0.169326,-0.000341667,0.169327,0.98556),
									["EasingDirection"] = Enum.EasingDirection.In
								},
								["Left Arm"] = {
									["EasingStyle"] = Enum.EasingStyle.Linear,
									["Weight"] = 1,
									["CFrame"] = CFrame.new(-0.0192628,-0.132446,0.00277174,0.997613,-0.00400065,0.0689356,-0.00189324,0.99636,0.0852225,-0.0690256,-0.0851498,0.993974),
									["EasingDirection"] = Enum.EasingDirection.In
								},
								["Right Arm"] = {
									["EasingStyle"] = Enum.EasingStyle.Linear,
									["Weight"] = 1,
									["CFrame"] = CFrame.new(0.023888,-0.130696,0.0241101,0.995321,0.00819276,-0.0962709,-0.000676475,0.996965,0.0778487,0.0966166,-0.0774195,0.992306),
									["EasingDirection"] = Enum.EasingDirection.In
								},
								["Left Leg"] = {
									["EasingStyle"] = Enum.EasingStyle.Linear,
									["Weight"] = 1,
									["CFrame"] = CFrame.new(0.0351338,0.0693363,0.0505452,0.850181,-0.139594,0.507647,0.105939,0.989846,0.0947697,-0.515722,-0.0267917,0.856337),
									["EasingDirection"] = Enum.EasingDirection.In
								},
								["Right Leg"] = {
									["EasingStyle"] = Enum.EasingStyle.Linear,
									["Weight"] = 1,
									["CFrame"] = CFrame.new(0.311399,0.104859,0.0500169,0.986127,0.147626,-0.0758998,-0.141886,0.986948,0.0761699,0.0861539,-0.064344,0.994202),
									["EasingDirection"] = Enum.EasingDirection.In
								},
							},
							["EasingDirection"] = Enum.EasingDirection.In
						},
					},
					["EasingDirection"] = Enum.EasingDirection.In
				},
			},
			["Markers"] = {}
		},
		[1.46667] = {
			["Poses"] = {
				["HumanoidRootPart"] = {
					["EasingStyle"] = Enum.EasingStyle.Linear,
					["Weight"] = 1,
					["CFrame"] = CFrame.new(0,0,0,1,0,0,0,1,0,0,0,1),
					["SubPoses"] = {
						["Torso"] = {
							["EasingStyle"] = Enum.EasingStyle.Linear,
							["Weight"] = 1,
							["CFrame"] = CFrame.new(-0.00564435,-0.016384,-0.089273,1,2.38419e-07,-8.74228e-08,-2.38419e-07,1,2.08432e-14,8.74228e-08,0,1),
							["SubPoses"] = {
								["Head"] = {
									["EasingStyle"] = Enum.EasingStyle.Linear,
									["Weight"] = 1,
									["CFrame"] = CFrame.new(8.92732e-08,5.16926e-10,0.0166621,0.999981,0.00606066,-0.000694602,-0.00608985,0.985111,-0.171813,-0.00035703,0.171814,0.985129),
									["EasingDirection"] = Enum.EasingDirection.In
								},
								["Left Arm"] = {
									["EasingStyle"] = Enum.EasingStyle.Linear,
									["Weight"] = 1,
									["CFrame"] = CFrame.new(-0.0193909,-0.133475,0.00301254,0.997558,-0.00406847,0.0697272,-0.00189324,0.99636,0.0852225,-0.0698202,-0.0851465,0.993919),
									["EasingDirection"] = Enum.EasingDirection.In
								},
								["Right Arm"] = {
									["EasingStyle"] = Enum.EasingStyle.Linear,
									["Weight"] = 1,
									["CFrame"] = CFrame.new(0.0240593,-0.13155,0.024186,0.995203,0.00828671,-0.097475,-0.000676474,0.996965,0.0778489,0.0978242,-0.0774096,0.992189),
									["EasingDirection"] = Enum.EasingDirection.In
								},
								["Left Leg"] = {
									["EasingStyle"] = Enum.EasingStyle.Linear,
									["Weight"] = 1,
									["CFrame"] = CFrame.new(0.0304717,0.0698838,0.0525546,0.851037,-0.141609,0.505651,0.108257,0.98958,0.0949329,-0.513826,-0.0260513,0.857499),
									["EasingDirection"] = Enum.EasingDirection.In
								},
								["Right Leg"] = {
									["EasingStyle"] = Enum.EasingStyle.Linear,
									["Weight"] = 1,
									["CFrame"] = CFrame.new(0.314501,0.105627,0.0489488,0.986135,0.148745,-0.0735723,-0.143131,0.986745,0.0764728,0.0839721,-0.0648821,0.994354),
									["EasingDirection"] = Enum.EasingDirection.In
								},
							},
							["EasingDirection"] = Enum.EasingDirection.In
						},
					},
					["EasingDirection"] = Enum.EasingDirection.In
				},
			},
			["Markers"] = {}
		},
		[1.48333] = {
			["Poses"] = {
				["HumanoidRootPart"] = {
					["EasingStyle"] = Enum.EasingStyle.Linear,
					["Weight"] = 1,
					["CFrame"] = CFrame.new(0,0,0,1,0,0,0,1,0,0,0,1),
					["SubPoses"] = {
						["Torso"] = {
							["EasingStyle"] = Enum.EasingStyle.Linear,
							["Weight"] = 1,
							["CFrame"] = CFrame.new(-0.00570848,-0.0165701,-0.0902872,1,2.38419e-07,-8.74228e-08,-2.38419e-07,1,2.08432e-14,8.74228e-08,0,1),
							["SubPoses"] = {
								["Head"] = {
									["EasingStyle"] = Enum.EasingStyle.Linear,
									["Weight"] = 1,
									["CFrame"] = CFrame.new(8.92289e-08,5.01638e-10,0.0166621,0.999981,0.00606066,-0.000694602,-0.00608893,0.984678,-0.174278,-0.000372274,0.174279,0.984696),
									["EasingDirection"] = Enum.EasingDirection.In
								},
								["Left Arm"] = {
									["EasingStyle"] = Enum.EasingStyle.Linear,
									["Weight"] = 1,
									["CFrame"] = CFrame.new(-0.0195179,-0.134495,0.00325143,0.997502,-0.0041357,0.070512,-0.00189324,0.99636,0.0852226,-0.0706078,-0.0851434,0.993864),
									["EasingDirection"] = Enum.EasingDirection.In
								},
								["Right Arm"] = {
									["EasingStyle"] = Enum.EasingStyle.Linear,
									["Weight"] = 1,
									["CFrame"] = CFrame.new(0.0242292,-0.132396,0.0242616,0.995085,0.00837984,-0.0986687,-0.000676475,0.996965,0.0778489,0.0990216,-0.0773996,0.992071),
									["EasingDirection"] = Enum.EasingDirection.In
								},
								["Left Leg"] = {
									["EasingStyle"] = Enum.EasingStyle.Linear,
									["Weight"] = 1,
									["CFrame"] = CFrame.new(0.0259416,0.0704161,0.0544786,0.85187,-0.143563,0.503694,0.1105,0.989317,0.0950921,-0.511965,-0.0253478,0.858632),
									["EasingDirection"] = Enum.EasingDirection.In
								},
								["Right Leg"] = {
									["EasingStyle"] = Enum.EasingStyle.Linear,
									["Weight"] = 1,
									["CFrame"] = CFrame.new(0.317528,0.106376,0.0478908,0.986137,0.149835,-0.0712932,-0.144347,0.986545,0.076769,0.0818367,-0.0654138,0.994497),
									["EasingDirection"] = Enum.EasingDirection.In
								},
							},
							["EasingDirection"] = Enum.EasingDirection.In
						},
					},
					["EasingDirection"] = Enum.EasingDirection.In
				},
			},
			["Markers"] = {}
		},
		[1.5] = {
			["Poses"] = {
				["HumanoidRootPart"] = {
					["EasingStyle"] = Enum.EasingStyle.Linear,
					["Weight"] = 1,
					["CFrame"] = CFrame.new(0,0,0,1,0,0,0,1,0,0,0,1),
					["SubPoses"] = {
						["Torso"] = {
							["EasingStyle"] = Enum.EasingStyle.Linear,
							["Weight"] = 1,
							["CFrame"] = CFrame.new(-0.00577119,-0.0167522,-0.0912793,1,2.38419e-07,-8.74228e-08,-2.38419e-07,1,2.08432e-14,8.74228e-08,0,1),
							["SubPoses"] = {
								["Head"] = {
									["EasingStyle"] = Enum.EasingStyle.Linear,
									["Weight"] = 1,
									["CFrame"] = CFrame.new(8.87199e-08,4.86685e-10,0.0166621,0.999981,0.00606066,-0.000694601,-0.00608799,0.984242,-0.17672,-0.000387391,0.176721,0.984261),
									["EasingDirection"] = Enum.EasingDirection.In
								},
								["Left Arm"] = {
									["EasingStyle"] = Enum.EasingStyle.Linear,
									["Weight"] = 1,
									["CFrame"] = CFrame.new(-0.0196437,-0.135506,0.00348806,0.997447,-0.00420234,0.0712899,-0.00189324,0.99636,0.0852225,-0.0713886,-0.08514,0.993808),
									["EasingDirection"] = Enum.EasingDirection.In
								},
								["Right Arm"] = {
									["EasingStyle"] = Enum.EasingStyle.Linear,
									["Weight"] = 1,
									["CFrame"] = CFrame.new(0.0243976,-0.133236,0.0243363,0.994966,0.00847213,-0.0998517,-0.000676474,0.996965,0.0778487,0.100208,-0.0773895,0.991952),
									["EasingDirection"] = Enum.EasingDirection.In
								},
								["Left Leg"] = {
									["EasingStyle"] = Enum.EasingStyle.Linear,
									["Weight"] = 1,
									["CFrame"] = CFrame.new(0.0215433,0.0709332,0.05632,0.852679,-0.145456,0.501779,0.11267,0.989057,0.0952471,-0.510142,-0.0246798,0.859736),
									["EasingDirection"] = Enum.EasingDirection.In
								},
								["Right Leg"] = {
									["EasingStyle"] = Enum.EasingStyle.Linear,
									["Weight"] = 1,
									["CFrame"] = CFrame.new(0.320479,0.107107,0.0468447,0.986134,0.150897,-0.0690641,-0.145533,0.986348,0.077058,0.0797491,-0.0659384,0.994632),
									["EasingDirection"] = Enum.EasingDirection.In
								},
							},
							["EasingDirection"] = Enum.EasingDirection.In
						},
					},
					["EasingDirection"] = Enum.EasingDirection.In
				},
			},
			["Markers"] = {}
		},
		[1.51667] = {
			["Poses"] = {
				["HumanoidRootPart"] = {
					["EasingStyle"] = Enum.EasingStyle.Linear,
					["Weight"] = 1,
					["CFrame"] = CFrame.new(0,0,0,1,0,0,0,1,0,0,0,1),
					["SubPoses"] = {
						["Torso"] = {
							["EasingStyle"] = Enum.EasingStyle.Linear,
							["Weight"] = 1,
							["CFrame"] = CFrame.new(-0.00583245,-0.01693,-0.092248,1,2.38419e-07,-8.74228e-08,-2.38419e-07,1,2.08432e-14,8.74228e-08,0,1),
							["SubPoses"] = {
								["Head"] = {
									["EasingStyle"] = Enum.EasingStyle.Linear,
									["Weight"] = 1,
									["CFrame"] = CFrame.new(8.86776e-08,4.7208e-10,0.0166621,0.999981,0.00606066,-0.000694601,-0.00608703,0.983805,-0.179138,-0.000402307,0.179139,0.983824),
									["EasingDirection"] = Enum.EasingDirection.In
								},
								["Left Arm"] = {
									["EasingStyle"] = Enum.EasingStyle.Linear,
									["Weight"] = 1,
									["CFrame"] = CFrame.new(-0.0197684,-0.136507,0.00372243,0.997391,-0.00426836,0.0720605,-0.00189324,0.99636,0.0852225,-0.0721619,-0.0851368,0.993753),
									["EasingDirection"] = Enum.EasingDirection.In
								},
								["Right Arm"] = {
									["EasingStyle"] = Enum.EasingStyle.Linear,
									["Weight"] = 1,
									["CFrame"] = CFrame.new(0.0245645,-0.134067,0.0244106,0.994847,0.00856355,-0.101024,-0.000676475,0.996965,0.0778489,0.101384,-0.0773794,0.991834),
									["EasingDirection"] = Enum.EasingDirection.In
								},
								["Left Leg"] = {
									["EasingStyle"] = Enum.EasingStyle.Linear,
									["Weight"] = 1,
									["CFrame"] = CFrame.new(0.0171489,0.0714566,0.0581528,0.853453,-0.147354,0.499905,0.114843,0.988792,0.095398,-0.50836,-0.0240072,0.86081),
									["EasingDirection"] = Enum.EasingDirection.In
								},
								["Right Leg"] = {
									["EasingStyle"] = Enum.EasingStyle.Linear,
									["Weight"] = 1,
									["CFrame"] = CFrame.new(0.323352,0.107819,0.0458126,0.986126,0.151929,-0.0668867,-0.146688,0.986155,0.0773397,0.0777109,-0.0664553,0.994759),
									["EasingDirection"] = Enum.EasingDirection.In
								},
							},
							["EasingDirection"] = Enum.EasingDirection.In
						},
					},
					["EasingDirection"] = Enum.EasingDirection.In
				},
			},
			["Markers"] = {}
		},
		[1.53333] = {
			["Poses"] = {
				["HumanoidRootPart"] = {
					["EasingStyle"] = Enum.EasingStyle.Linear,
					["Weight"] = 1,
					["CFrame"] = CFrame.new(0,0,0,1,0,0,0,1,0,0,0,1),
					["SubPoses"] = {
						["Torso"] = {
							["EasingStyle"] = Enum.EasingStyle.Linear,
							["Weight"] = 1,
							["CFrame"] = CFrame.new(-0.00589221,-0.0171034,-0.0931931,1,2.38419e-07,-8.74228e-08,-2.38419e-07,1,2.08432e-14,8.74228e-08,0,1),
							["SubPoses"] = {
								["Head"] = {
									["EasingStyle"] = Enum.EasingStyle.Linear,
									["Weight"] = 1,
									["CFrame"] = CFrame.new(8.86363e-08,4.57833e-10,0.0166621,0.999981,0.00606066,-0.0006946,-0.00608603,0.983367,-0.18153,-0.000417119,0.181531,0.983385),
									["EasingDirection"] = Enum.EasingDirection.In
								},
								["Left Arm"] = {
									["EasingStyle"] = Enum.EasingStyle.Linear,
									["Weight"] = 1,
									["CFrame"] = CFrame.new(-0.0198918,-0.137499,0.00395465,0.997335,-0.00433372,0.0728233,-0.00189324,0.99636,0.0852225,-0.0729276,-0.0851335,0.993697),
									["EasingDirection"] = Enum.EasingDirection.In
								},
								["Right Arm"] = {
									["EasingStyle"] = Enum.EasingStyle.Linear,
									["Weight"] = 1,
									["CFrame"] = CFrame.new(0.0247296,-0.13489,0.0244839,0.994728,0.00865406,-0.102184,-0.000676474,0.996965,0.0778489,0.102547,-0.0773695,0.991715),
									["EasingDirection"] = Enum.EasingDirection.In
								},
								["Left Leg"] = {
									["EasingStyle"] = Enum.EasingStyle.Linear,
									["Weight"] = 1,
									["CFrame"] = CFrame.new(0.0130061,0.0719446,0.0598396,0.854213,-0.149132,0.498076,0.116873,0.98854,0.0955445,-0.506617,-0.0234039,0.861854),
									["EasingDirection"] = Enum.EasingDirection.In
								},
								["Right Leg"] = {
									["EasingStyle"] = Enum.EasingStyle.Linear,
									["Weight"] = 1,
									["CFrame"] = CFrame.new(0.326147,0.108511,0.0447955,0.986112,0.152932,-0.064763,-0.147811,0.985965,0.077614,0.0757238,-0.0669635,0.994878),
									["EasingDirection"] = Enum.EasingDirection.In
								},
							},
							["EasingDirection"] = Enum.EasingDirection.In
						},
					},
					["EasingDirection"] = Enum.EasingDirection.In
				},
			},
			["Markers"] = {}
		},
		[1.55] = {
			["Poses"] = {
				["HumanoidRootPart"] = {
					["EasingStyle"] = Enum.EasingStyle.Linear,
					["Weight"] = 1,
					["CFrame"] = CFrame.new(0,0,0,1,0,0,0,1,0,0,0,1),
					["SubPoses"] = {
						["Torso"] = {
							["EasingStyle"] = Enum.EasingStyle.Linear,
							["Weight"] = 1,
							["CFrame"] = CFrame.new(-0.00595041,-0.0172724,-0.0941138,1,2.38419e-07,-8.74228e-08,-2.38419e-07,1,2.08432e-14,8.74228e-08,0,1),
							["SubPoses"] = {
								["Head"] = {
									["EasingStyle"] = Enum.EasingStyle.Linear,
									["Weight"] = 1,
									["CFrame"] = CFrame.new(8.85961e-08,4.43956e-10,0.0166621,0.999981,0.00606066,-0.0006946,-0.00608504,0.982927,-0.183897,-0.000431789,0.183898,0.982945),
									["EasingDirection"] = Enum.EasingDirection.In
								},
								["Left Arm"] = {
									["EasingStyle"] = Enum.EasingStyle.Linear,
									["Weight"] = 1,
									["CFrame"] = CFrame.new(-0.020014,-0.13848,0.00418437,0.99728,-0.00439839,0.0735781,-0.00189324,0.99636,0.0852225,-0.0736852,-0.0851302,0.993642),
									["EasingDirection"] = Enum.EasingDirection.In
								},
								["Right Arm"] = {
									["EasingStyle"] = Enum.EasingStyle.Linear,
									["Weight"] = 1,
									["CFrame"] = CFrame.new(0.0248931,-0.135704,0.0245568,0.994609,0.0087436,-0.103331,-0.000676474,0.996965,0.0778489,0.103698,-0.0773593,0.991596),
									["EasingDirection"] = Enum.EasingDirection.In
								},
								["Left Leg"] = {
									["EasingStyle"] = Enum.EasingStyle.Linear,
									["Weight"] = 1,
									["CFrame"] = CFrame.new(0.00900965,0.072415,0.0614425,0.854951,-0.150842,0.496292,0.118823,0.988294,0.0956869,-0.504916,-0.0228365,0.862866),
									["EasingDirection"] = Enum.EasingDirection.In
								},
								["Right Leg"] = {
									["EasingStyle"] = Enum.EasingStyle.Linear,
									["Weight"] = 1,
									["CFrame"] = CFrame.new(0.328861,0.109184,0.0437951,0.986095,0.153904,-0.0626942,-0.148903,0.98578,0.0778807,0.0737889,-0.0674624,0.99499),
									["EasingDirection"] = Enum.EasingDirection.In
								},
							},
							["EasingDirection"] = Enum.EasingDirection.In
						},
					},
					["EasingDirection"] = Enum.EasingDirection.In
				},
			},
			["Markers"] = {}
		},
		[1.56667] = {
			["Poses"] = {
				["HumanoidRootPart"] = {
					["EasingStyle"] = Enum.EasingStyle.Linear,
					["Weight"] = 1,
					["CFrame"] = CFrame.new(0,0,0,1,0,0,0,1,0,0,0,1),
					["SubPoses"] = {
						["Torso"] = {
							["EasingStyle"] = Enum.EasingStyle.Linear,
							["Weight"] = 1,
							["CFrame"] = CFrame.new(-0.00600702,-0.0174367,-0.0950091,1,2.38419e-07,-8.74228e-08,-2.38419e-07,1,2.08432e-14,8.74228e-08,0,1),
							["SubPoses"] = {
								["Head"] = {
									["EasingStyle"] = Enum.EasingStyle.Linear,
									["Weight"] = 1,
									["CFrame"] = CFrame.new(8.90227e-08,4.3046e-10,0.0166621,0.999981,0.00606066,-0.000694599,-0.00608391,0.982486,-0.186236,-0.000446265,0.186237,0.982505),
									["EasingDirection"] = Enum.EasingDirection.In
								},
								["Left Arm"] = {
									["EasingStyle"] = Enum.EasingStyle.Linear,
									["Weight"] = 1,
									["CFrame"] = CFrame.new(-0.0201348,-0.139451,0.00441146,0.997224,-0.00446234,0.0743246,-0.00189324,0.99636,0.0852225,-0.0744344,-0.0851268,0.993586),
									["EasingDirection"] = Enum.EasingDirection.In
								},
								["Right Arm"] = {
									["EasingStyle"] = Enum.EasingStyle.Linear,
									["Weight"] = 1,
									["CFrame"] = CFrame.new(0.0250547,-0.13651,0.0246286,0.994489,0.00883214,-0.104466,-0.000676474,0.996965,0.0778488,0.104837,-0.0773493,0.991477),
									["EasingDirection"] = Enum.EasingDirection.In
								},
								["Left Leg"] = {
									["EasingStyle"] = Enum.EasingStyle.Linear,
									["Weight"] = 1,
									["CFrame"] = CFrame.new(0.00515169,0.0728685,0.0629684,0.855664,-0.152491,0.494555,0.1207,0.988053,0.0958247,-0.50326,-0.0223011,0.863847),
									["EasingDirection"] = Enum.EasingDirection.In
								},
								["Right Leg"] = {
									["EasingStyle"] = Enum.EasingStyle.Linear,
									["Weight"] = 1,
									["CFrame"] = CFrame.new(0.331493,0.109836,0.0428134,0.986073,0.154846,-0.0606823,-0.149963,0.985599,0.0781396,0.0719081,-0.0679512,0.995094),
									["EasingDirection"] = Enum.EasingDirection.In
								},
							},
							["EasingDirection"] = Enum.EasingDirection.In
						},
					},
					["EasingDirection"] = Enum.EasingDirection.In
				},
			},
			["Markers"] = {}
		},
		[1.58333] = {
			["Poses"] = {
				["HumanoidRootPart"] = {
					["EasingStyle"] = Enum.EasingStyle.Linear,
					["Weight"] = 1,
					["CFrame"] = CFrame.new(0,0,0,1,0,0,0,1,0,0,0,1),
					["SubPoses"] = {
						["Torso"] = {
							["EasingStyle"] = Enum.EasingStyle.Linear,
							["Weight"] = 1,
							["CFrame"] = CFrame.new(-0.00606198,-0.0175963,-0.0958784,1,2.38419e-07,-8.74228e-08,-2.38419e-07,1,2.08432e-14,8.74228e-08,0,1),
							["SubPoses"] = {
								["Head"] = {
									["EasingStyle"] = Enum.EasingStyle.Linear,
									["Weight"] = 1,
									["CFrame"] = CFrame.new(8.89847e-08,4.17356e-10,0.0166621,0.999981,0.00606066,-0.000694599,-0.00608294,0.982046,-0.188546,-0.0004606,0.188547,0.982064),
									["EasingDirection"] = Enum.EasingDirection.In
								},
								["Left Arm"] = {
									["EasingStyle"] = Enum.EasingStyle.Linear,
									["Weight"] = 1,
									["CFrame"] = CFrame.new(-0.0202542,-0.14041,0.00463617,0.997169,-0.00452554,0.0750624,-0.00189324,0.99636,0.0852225,-0.0751748,-0.0851234,0.99353),
									["EasingDirection"] = Enum.EasingDirection.In
								},
								["Right Arm"] = {
									["EasingStyle"] = Enum.EasingStyle.Linear,
									["Weight"] = 1,
									["CFrame"] = CFrame.new(0.0252145,-0.137306,0.0246994,0.99437,0.00891963,-0.105588,-0.000676474,0.996965,0.0778488,0.105962,-0.0773392,0.991358),
									["EasingDirection"] = Enum.EasingDirection.In
								},
								["Left Leg"] = {
									["EasingStyle"] = Enum.EasingStyle.Linear,
									["Weight"] = 1,
									["CFrame"] = CFrame.new(0.00142644,0.0733064,0.0644221,0.856353,-0.15408,0.492867,0.122506,0.987818,0.0959581,-0.501648,-0.0217948,0.864797),
									["EasingDirection"] = Enum.EasingDirection.In
								},
								["Right Leg"] = {
									["EasingStyle"] = Enum.EasingStyle.Linear,
									["Weight"] = 1,
									["CFrame"] = CFrame.new(0.334042,0.110468,0.0418515,0.986048,0.155756,-0.0587287,-0.150989,0.985422,0.0783904,0.0700825,-0.0684294,0.995191),
									["EasingDirection"] = Enum.EasingDirection.In
								},
							},
							["EasingDirection"] = Enum.EasingDirection.In
						},
					},
					["EasingDirection"] = Enum.EasingDirection.In
				},
			},
			["Markers"] = {}
		},
		[1.6] = {
			["Poses"] = {
				["HumanoidRootPart"] = {
					["EasingStyle"] = Enum.EasingStyle.Linear,
					["Weight"] = 1,
					["CFrame"] = CFrame.new(0,0,0,1,0,0,0,1,0,0,0,1),
					["SubPoses"] = {
						["Torso"] = {
							["EasingStyle"] = Enum.EasingStyle.Linear,
							["Weight"] = 1,
							["CFrame"] = CFrame.new(-0.00611525,-0.0177509,-0.0967209,1,2.38419e-07,-8.74228e-08,-2.38419e-07,1,2.08432e-14,8.74228e-08,0,1),
							["SubPoses"] = {
								["Head"] = {
									["EasingStyle"] = Enum.EasingStyle.Linear,
									["Weight"] = 1,
									["CFrame"] = CFrame.new(8.89479e-08,4.04655e-10,0.0166621,0.999981,0.00606066,-0.000694598,-0.00608181,0.981605,-0.190827,-0.000474719,0.190828,0.981623),
									["EasingDirection"] = Enum.EasingDirection.In
								},
								["Left Arm"] = {
									["EasingStyle"] = Enum.EasingStyle.Linear,
									["Weight"] = 1,
									["CFrame"] = CFrame.new(-0.0203721,-0.141358,0.00485802,0.997113,-0.00458797,0.075791,-0.00189324,0.99636,0.0852225,-0.0759061,-0.0851201,0.993475),
									["EasingDirection"] = Enum.EasingDirection.In
								},
								["Right Arm"] = {
									["EasingStyle"] = Enum.EasingStyle.Linear,
									["Weight"] = 1,
									["CFrame"] = CFrame.new(0.0253723,-0.138092,0.0247697,0.994251,0.00900605,-0.106695,-0.000676473,0.996965,0.0778489,0.107073,-0.0773292,0.991239),
									["EasingDirection"] = Enum.EasingDirection.In
								},
								["Left Leg"] = {
									["EasingStyle"] = Enum.EasingStyle.Linear,
									["Weight"] = 1,
									["CFrame"] = CFrame.new(-0.00216519,0.0737288,0.0658058,0.857017,-0.15561,0.49123,0.124243,0.987589,0.0960869,-0.500085,-0.0213165,0.865714),
									["EasingDirection"] = Enum.EasingDirection.In
								},
