return {
	["__isAnimPart"] = true,
	["Keyframes"] = {
		[0] = {
			["Poses"] = {
				["HumanoidRootPart"] = {
					["EasingStyle"] = Enum.EasingStyle.Linear,
					["Weight"] = 1,
					["CFrame"] = CFrame.new(0,0,0,1,0,0,0,1,0,0,0,1),
					["SubPoses"] = {
						["Torso"] = {
							["EasingStyle"] = Enum.EasingStyle.Linear,
							["Weight"] = 1,
							["CFrame"] = CFrame.new(-1.40167e-06,-4.06866e-06,-2.21729e-05,1,2.38419e-07,-8.74228e-08,-2.38419e-07,1,2.08432e-14,8.74228e-08,0,1),
							["SubPoses"] = {
								["Head"] = {
									["EasingStyle"] = Enum.EasingStyle.Linear,
									["Weight"] = 1,
									["CFrame"] = CFrame.new(8.88793e-08,1.20563e-13,0.0166619,0.999981,0.00606064,-0.000694643,-0.00605769,0.999973,0.00414416,0.000719773,-0.0041399,0.999991),
									["EasingDirection"] = Enum.EasingDirection.In
								},
								["Left Arm"] = {
									["EasingStyle"] = Enum.EasingStyle.Linear,
									["Weight"] = 1,
									["CFrame"] = CFrame.new(-0.0104166,-0.0613819,-0.0138505,0.999899,0.00068723,0.0141792,-0.00189325,0.99636,0.0852225,-0.0140691,-0.0852409,0.996261),
									["EasingDirection"] = Enum.EasingDirection.In
								},
								["Right Arm"] = {
									["EasingStyle"] = Enum.EasingStyle.Linear,
									["Weight"] = 1,
									["CFrame"] = CFrame.new(0.0120489,-0.0717198,0.0188822,0.999916,0.0016827,-0.0128603,-0.000676482,0.996965,0.0778489,0.0129523,-0.0778337,0.996882),
									["EasingDirection"] = Enum.EasingDirection.In
								},
								["Left Leg"] = {
									["EasingStyle"] = Enum.EasingStyle.Linear,
									["Weight"] = 1,
									["CFrame"] = CFrame.new(0.352241,0.037368,-0.151606,0.745037,-0.00685896,0.666988,-0.0613213,0.995008,0.078729,-0.664199,-0.0995565,0.740897),
									["EasingDirection"] = Enum.EasingDirection.In
								},
								["Right Leg"] = {
									["EasingStyle"] = Enum.EasingStyle.Linear,
									["Weight"] = 1,
									["CFrame"] = CFrame.new(0.000472156,0.0283183,0.0852705,0.961941,0.0274953,-0.271869,-0.0148743,0.998719,0.0483759,0.272851,-0.042491,0.961118),
									["EasingDirection"] = Enum.EasingDirection.In
								},
							},
							["EasingDirection"] = Enum.EasingDirection.In
						},
					},
					["EasingDirection"] = Enum.EasingDirection.In
				},
			},
			["Markers"] = {}
		},
		[0.0166667] = {
			["Poses"] = {
				["HumanoidRootPart"] = {
					["EasingStyle"] = Enum.EasingStyle.Linear,
					["Weight"] = 1,
					["CFrame"] = CFrame.new(0,0,0,1,0,0,0,1,0,0,0,1),
					["SubPoses"] = {
						["Torso"] = {
							["EasingStyle"] = Enum.EasingStyle.Linear,
							["Weight"] = 1,
							["CFrame"] = CFrame.new(-5.57536e-06,-1.61837e-05,-8.82149e-05,1,2.38419e-07,-8.74228e-08,-2.38419e-07,1,2.08432e-14,8.74228e-08,0,1),
							["SubPoses"] = {
								["Head"] = {
									["EasingStyle"] = Enum.EasingStyle.Linear,
									["Weight"] = 1,
									["CFrame"] = CFrame.new(8.88797e-08,4.8972e-13,0.0166621,0.999981,0.00606064,-0.000694643,-0.00605775,0.999974,0.00402957,0.000719028,-0.00402534,0.999992),
									["EasingDirection"] = Enum.EasingDirection.In
								},
								["Left Arm"] = {
									["EasingStyle"] = Enum.EasingStyle.Linear,
									["Weight"] = 1,
									["CFrame"] = CFrame.new(-0.0104225,-0.0614286,-0.0138395,0.999899,0.00068414,0.0142153,-0.00189325,0.99636,0.0852225,-0.0141053,-0.0852408,0.996261),
									["EasingDirection"] = Enum.EasingDirection.In
								},
								["Right Arm"] = {
									["EasingStyle"] = Enum.EasingStyle.Linear,
									["Weight"] = 1,
									["CFrame"] = CFrame.new(0.0120567,-0.0717587,0.0188856,0.999915,0.001687,-0.0129155,-0.000676482,0.996965,0.0778488,0.0130076,-0.0778336,0.996882),
									["EasingDirection"] = Enum.EasingDirection.In
								},
								["Left Leg"] = {
									["EasingStyle"] = Enum.EasingStyle.Linear,
									["Weight"] = 1,
									["CFrame"] = CFrame.new(0.352189,0.0373749,-0.151554,0.745135,-0.0068634,0.666878,-0.0613076,0.995008,0.0787423,-0.664089,-0.0995583,0.740995),
									["EasingDirection"] = Enum.EasingDirection.In
								},
								["Right Leg"] = {
									["EasingStyle"] = Enum.EasingStyle.Linear,
									["Weight"] = 1,
									["CFrame"] = CFrame.new(0.000752185,0.0283865,0.0852971,0.961979,0.0276105,-0.271726,-0.0149942,0.998716,0.048398,0.272713,-0.0424836,0.961157),
									["EasingDirection"] = Enum.EasingDirection.In
								},
							},
							["EasingDirection"] = Enum.EasingDirection.In
						},
					},
					["EasingDirection"] = Enum.EasingDirection.In
				},
			},
			["Markers"] = {}
		},
		[0.0333333] = {
			["Poses"] = {
				["HumanoidRootPart"] = {
					["EasingStyle"] = Enum.EasingStyle.Linear,
					["Weight"] = 1,
					["CFrame"] = CFrame.new(0,0,0,1,0,0,0,1,0,0,0,1),
					["SubPoses"] = {
						["Torso"] = {
							["EasingStyle"] = Enum.EasingStyle.Linear,
							["Weight"] = 1,
							["CFrame"] = CFrame.new(-1.24741e-05,-3.62088e-05,-0.000197411,1,2.38419e-07,-8.74228e-08,-2.38419e-07,1,2.08432e-14,8.74228e-08,0,1),
							["SubPoses"] = {
								["Head"] = {
									["EasingStyle"] = Enum.EasingStyle.Linear,
									["Weight"] = 1,
									["CFrame"] = CFrame.new(8.888e-08,6.63925e-13,0.0166621,0.999981,0.00606064,-0.000694643,-0.00605793,0.999974,0.00383988,0.000717895,-0.00383565,0.999992),
									["EasingDirection"] = Enum.EasingDirection.In
								},
								["Left Arm"] = {
									["EasingStyle"] = Enum.EasingStyle.Linear,
									["Weight"] = 1,
									["CFrame"] = CFrame.new(-0.0104321,-0.0615064,-0.0138214,0.999898,0.000679019,0.0142752,-0.00189325,0.99636,0.0852225,-0.0141654,-0.0852409,0.99626),
									["EasingDirection"] = Enum.EasingDirection.In
								},
								["Right Arm"] = {
									["EasingStyle"] = Enum.EasingStyle.Linear,
									["Weight"] = 1,
									["CFrame"] = CFrame.new(0.0120696,-0.071823,0.0188912,0.999914,0.00169412,-0.0130066,-0.000676482,0.996965,0.0778488,0.013099,-0.0778335,0.99688),
									["EasingDirection"] = Enum.EasingDirection.In
								},
								["Left Leg"] = {
									["EasingStyle"] = Enum.EasingStyle.Linear,
									["Weight"] = 1,
									["CFrame"] = CFrame.new(0.352103,0.0373866,-0.151469,0.745298,-0.00687076,0.666696,-0.0612849,0.995008,0.0787645,-0.663909,-0.0995614,0.741156),
									["EasingDirection"] = Enum.EasingDirection.In
								},
								["Right Leg"] = {
									["EasingStyle"] = Enum.EasingStyle.Linear,
									["Weight"] = 1,
									["CFrame"] = CFrame.new(0.00121476,0.0284995,0.0853406,0.96204,0.0278011,-0.271489,-0.0151926,0.998711,0.0484344,0.272485,-0.0424712,0.961222),
									["EasingDirection"] = Enum.EasingDirection.In
								},
							},
							["EasingDirection"] = Enum.EasingDirection.In
						},
					},
					["EasingDirection"] = Enum.EasingDirection.In
				},
			},
			["Markers"] = {}
		},
		[0.05] = {
			["Poses"] = {
				["HumanoidRootPart"] = {
					["EasingStyle"] = Enum.EasingStyle.Linear,
					["Weight"] = 1,
					["CFrame"] = CFrame.new(0,0,0,1,0,0,0,1,0,0,0,1),
					["SubPoses"] = {
						["Torso"] = {
							["EasingStyle"] = Enum.EasingStyle.Linear,
							["Weight"] = 1,
							["CFrame"] = CFrame.new(-2.20509e-05,-6.40075e-05,-0.000348806,1,2.38419e-07,-8.74228e-08,-2.38419e-07,1,2.08432e-14,8.74228e-08,0,1),
							["SubPoses"] = {
								["Head"] = {
									["EasingStyle"] = Enum.EasingStyle.Linear,
									["Weight"] = 1,
									["CFrame"] = CFrame.new(8.88797e-08,2.01862e-12,0.0166624,0.999981,0.00606064,-0.000694643,-0.00605808,0.999975,0.00357631,0.000716316,-0.00357208,0.999993),
									["EasingDirection"] = Enum.EasingDirection.In
								},
								["Left Arm"] = {
									["EasingStyle"] = Enum.EasingStyle.Linear,
									["Weight"] = 1,
									["CFrame"] = CFrame.new(-0.0104455,-0.0616141,-0.0137962,0.999897,0.000671905,0.0143583,-0.00189325,0.99636,0.0852225,-0.0142488,-0.0852411,0.996259),
									["EasingDirection"] = Enum.EasingDirection.In
								},
								["Right Arm"] = {
									["EasingStyle"] = Enum.EasingStyle.Linear,
									["Weight"] = 1,
									["CFrame"] = CFrame.new(0.0120876,-0.0719124,0.0188991,0.999912,0.00170401,-0.0131333,-0.000676482,0.996965,0.0778488,0.0132261,-0.0778332,0.996879),
									["EasingDirection"] = Enum.EasingDirection.In
								},
								["Left Leg"] = {
									["EasingStyle"] = Enum.EasingStyle.Linear,
									["Weight"] = 1,
									["CFrame"] = CFrame.new(0.351984,0.0374028,-0.15135,0.745524,-0.00688093,0.666443,-0.0612534,0.995007,0.0787951,-0.663658,-0.0995656,0.741381),
									["EasingDirection"] = Enum.EasingDirection.In
								},
								["Right Leg"] = {
									["EasingStyle"] = Enum.EasingStyle.Linear,
									["Weight"] = 1,
									["CFrame"] = CFrame.new(0.00185589,0.0286554,0.0854003,0.962125,0.0280649,-0.271159,-0.0154672,0.998704,0.0484849,0.272169,-0.0424545,0.961313),
									["EasingDirection"] = Enum.EasingDirection.In
								},
							},
							["EasingDirection"] = Enum.EasingDirection.In
						},
					},
					["EasingDirection"] = Enum.EasingDirection.In
				},
			},
			["Markers"] = {}
		},
		[0.0666667] = {
			["Poses"] = {
				["HumanoidRootPart"] = {
					["EasingStyle"] = Enum.EasingStyle.Linear,
					["Weight"] = 1,
					["CFrame"] = CFrame.new(0,0,0,1,0,0,0,1,0,0,0,1),
					["SubPoses"] = {
						["Torso"] = {
							["EasingStyle"] = Enum.EasingStyle.Linear,
							["Weight"] = 1,
							["CFrame"] = CFrame.new(-3.42587e-05,-9.94435e-05,-0.000541925,1,2.38419e-07,-8.74228e-08,-2.38419e-07,1,2.08432e-14,8.74228e-08,0,1),
							["SubPoses"] = {
								["Head"] = {
									["EasingStyle"] = Enum.EasingStyle.Linear,
									["Weight"] = 1,
									["CFrame"] = CFrame.new(8.88767e-08,-8.91955e-13,0.0166619,0.999981,0.00606064,-0.000694643,-0.00605834,0.999976,0.00323975,0.000714274,-0.00323546,0.999995),
									["EasingDirection"] = Enum.EasingDirection.In
								},
								["Left Arm"] = {
									["EasingStyle"] = Enum.EasingStyle.Linear,
									["Weight"] = 1,
									["CFrame"] = CFrame.new(-0.0104627,-0.0617517,-0.013764,0.999895,0.000662832,0.0144644,-0.00189325,0.99636,0.0852225,-0.0143552,-0.0852411,0.996257),
									["EasingDirection"] = Enum.EasingDirection.In
								},
								["Right Arm"] = {
									["EasingStyle"] = Enum.EasingStyle.Linear,
									["Weight"] = 1,
									["CFrame"] = CFrame.new(0.0121105,-0.0720266,0.018909,0.99991,0.00171663,-0.0132949,-0.000676482,0.996965,0.0778489,0.0133882,-0.077833,0.996877),
									["EasingDirection"] = Enum.EasingDirection.In
								},
								["Left Leg"] = {
									["EasingStyle"] = Enum.EasingStyle.Linear,
									["Weight"] = 1,
									["CFrame"] = CFrame.new(0.351831,0.0374233,-0.1512,0.745812,-0.00689386,0.666121,-0.0612134,0.995007,0.0788343,-0.663338,-0.0995711,0.741666),
									["EasingDirection"] = Enum.EasingDirection.In
								},
								["Right Leg"] = {
									["EasingStyle"] = Enum.EasingStyle.Linear,
									["Weight"] = 1,
									["CFrame"] = CFrame.new(0.00267261,0.0288545,0.0854759,0.962234,0.0284011,-0.27074,-0.0158172,0.998696,0.0485493,0.271766,-0.0424335,0.961428),
									["EasingDirection"] = Enum.EasingDirection.In
								},
							},
							["EasingDirection"] = Enum.EasingDirection.In
						},
					},
					["EasingDirection"] = Enum.EasingDirection.In
				},
			},
			["Markers"] = {}
		},
		[0.0833333] = {
			["Poses"] = {
				["HumanoidRootPart"] = {
					["EasingStyle"] = Enum.EasingStyle.Linear,
					["Weight"] = 1,
					["CFrame"] = CFrame.new(0,0,0,1,0,0,0,1,0,0,0,1),
					["SubPoses"] = {
						["Torso"] = {
							["EasingStyle"] = Enum.EasingStyle.Linear,
							["Weight"] = 1,
							["CFrame"] = CFrame.new(-4.90506e-05,-0.00014238,-0.000775814,1,2.38419e-07,-8.74228e-08,-2.38419e-07,1,2.08432e-14,8.74228e-08,0,1),
							["SubPoses"] = {
								["Head"] = {
									["EasingStyle"] = Enum.EasingStyle.Linear,
									["Weight"] = 1,
									["CFrame"] = CFrame.new(8.88811e-08,2.85733e-12,0.0166621,0.999981,0.00606064,-0.000694643,-0.00605859,0.999978,0.00283155,0.000711786,-0.00282723,0.999996),
									["EasingDirection"] = Enum.EasingDirection.In
								},
								["Left Arm"] = {
									["EasingStyle"] = Enum.EasingStyle.Linear,
									["Weight"] = 1,
									["CFrame"] = CFrame.new(-0.0104834,-0.0619186,-0.0137249,0.999893,0.000651817,0.0145931,-0.00189325,0.99636,0.0852225,-0.0144845,-0.0852411,0.996255),
									["EasingDirection"] = Enum.EasingDirection.In
								},
								["Right Arm"] = {
									["EasingStyle"] = Enum.EasingStyle.Linear,
									["Weight"] = 1,
									["CFrame"] = CFrame.new(0.0121383,-0.0721652,0.0189214,0.999908,0.00173195,-0.0134911,-0.000676482,0.996965,0.0778489,0.013585,-0.0778328,0.996874),
									["EasingDirection"] = Enum.EasingDirection.In
								},
								["Left Leg"] = {
									["EasingStyle"] = Enum.EasingStyle.Linear,
									["Weight"] = 1,
									["CFrame"] = CFrame.new(0.351647,0.0374483,-0.151017,0.746161,-0.00690957,0.66573,-0.0611648,0.995006,0.0788816,-0.66295,-0.0995776,0.742012),
									["EasingDirection"] = Enum.EasingDirection.In
								},
								["Right Leg"] = {
									["EasingStyle"] = Enum.EasingStyle.Linear,
									["Weight"] = 1,
									["CFrame"] = CFrame.new(0.00366068,0.0290955,0.085566,0.962364,0.0288076,-0.270231,-0.0162404,0.998685,0.0486273,0.271277,-0.0424086,0.961567),
									["EasingDirection"] = Enum.EasingDirection.In
								},
							},
							["EasingDirection"] = Enum.EasingDirection.In
						},
					},
					["EasingDirection"] = Enum.EasingDirection.In
				},
			},
			["Markers"] = {}
		},
		[0.1] = {
			["Poses"] = {
				["HumanoidRootPart"] = {
					["EasingStyle"] = Enum.EasingStyle.Linear,
					["Weight"] = 1,
					["CFrame"] = CFrame.new(0,0,0,1,0,0,0,1,0,0,0,1),
					["SubPoses"] = {
						["Torso"] = {
							["EasingStyle"] = Enum.EasingStyle.Linear,
							["Weight"] = 1,
							["CFrame"] = CFrame.new(-6.63797e-05,-0.000192682,-0.00105,1,2.38419e-07,-8.74228e-08,-2.38419e-07,1,2.08432e-14,8.74228e-08,0,1),
							["SubPoses"] = {
								["Head"] = {
									["EasingStyle"] = Enum.EasingStyle.Linear,
									["Weight"] = 1,
									["CFrame"] = CFrame.new(8.88837e-08,-1.27423e-12,0.0166621,0.999981,0.00606064,-0.000694643,-0.00605901,0.999979,0.00235257,0.00070888,-0.0023483,0.999997),
									["EasingDirection"] = Enum.EasingDirection.In
								},
								["Left Arm"] = {
									["EasingStyle"] = Enum.EasingStyle.Linear,
									["Weight"] = 1,
									["CFrame"] = CFrame.new(-0.0105078,-0.0621146,-0.0136792,0.999891,0.000638902,0.014744,-0.00189325,0.99636,0.0852225,-0.014636,-0.0852413,0.996253),
									["EasingDirection"] = Enum.EasingDirection.In
								},
								["Right Arm"] = {
									["EasingStyle"] = Enum.EasingStyle.Linear,
									["Weight"] = 1,
									["CFrame"] = CFrame.new(0.0121709,-0.0723278,0.0189357,0.999904,0.00174991,-0.0137212,-0.000676482,0.996965,0.0778489,0.0138158,-0.0778324,0.996871),
									["EasingDirection"] = Enum.EasingDirection.In
								},
								["Left Leg"] = {
									["EasingStyle"] = Enum.EasingStyle.Linear,
									["Weight"] = 1,
									["CFrame"] = CFrame.new(0.351431,0.0374772,-0.150803,0.74657,-0.00692805,0.665271,-0.0611077,0.995005,0.0789371,-0.662495,-0.0995852,0.742417),
									["EasingDirection"] = Enum.EasingDirection.In
								},
								["Right Leg"] = {
									["EasingStyle"] = Enum.EasingStyle.Linear,
									["Weight"] = 1,
									["CFrame"] = CFrame.new(0.00481698,0.0293773,0.0856702,0.962517,0.0292831,-0.269635,-0.0167353,0.998672,0.0487187,0.270704,-0.0423802,0.961729),
									["EasingDirection"] = Enum.EasingDirection.In
								},
							},
							["EasingDirection"] = Enum.EasingDirection.In
						},
					},
					["EasingDirection"] = Enum.EasingDirection.In
				},
			},
			["Markers"] = {}
		},
		[0.116667] = {
			["Poses"] = {
				["HumanoidRootPart"] = {
					["EasingStyle"] = Enum.EasingStyle.Linear,
					["Weight"] = 1,
					["CFrame"] = CFrame.new(0,0,0,1,0,0,0,1,0,0,0,1),
					["SubPoses"] = {
						["Torso"] = {
							["EasingStyle"] = Enum.EasingStyle.Linear,
							["Weight"] = 1,
							["CFrame"] = CFrame.new(-8.61988e-05,-0.000250211,-0.00136328,1,2.38419e-07,-8.74228e-08,-2.38419e-07,1,2.08432e-14,8.74228e-08,0,1),
							["SubPoses"] = {
								["Head"] = {
									["EasingStyle"] = Enum.EasingStyle.Linear,
									["Weight"] = 1,
									["CFrame"] = CFrame.new(8.88773e-08,8.55243e-12,0.0166621,0.999981,0.00606064,-0.000694642,-0.00605933,0.99998,0.00180402,0.000705572,-0.00179976,0.999998),
									["EasingDirection"] = Enum.EasingDirection.In
								},
								["Left Arm"] = {
									["EasingStyle"] = Enum.EasingStyle.Linear,
									["Weight"] = 1,
									["CFrame"] = CFrame.new(-0.0105357,-0.0623387,-0.0136268,0.999889,0.000624105,0.014917,-0.00189325,0.99636,0.0852225,-0.0148095,-0.0852414,0.99625),
									["EasingDirection"] = Enum.EasingDirection.In
								},
								["Right Arm"] = {
									["EasingStyle"] = Enum.EasingStyle.Linear,
									["Weight"] = 1,
									["CFrame"] = CFrame.new(0.0122083,-0.0725137,0.0189523,0.999901,0.00177048,-0.0139846,-0.000676482,0.996965,0.0778489,0.01408,-0.0778317,0.996867),
									["EasingDirection"] = Enum.EasingDirection.In
								},
								["Left Leg"] = {
									["EasingStyle"] = Enum.EasingStyle.Linear,
									["Weight"] = 1,
									["CFrame"] = CFrame.new(0.351183,0.0375106,-0.150558,0.747036,-0.00694921,0.664747,-0.0610424,0.995004,0.0790005,-0.661975,-0.0995939,0.74288),
									["EasingDirection"] = Enum.EasingDirection.In
								},
								["Right Leg"] = {
									["EasingStyle"] = Enum.EasingStyle.Linear,
									["Weight"] = 1,
									["CFrame"] = CFrame.new(0.00613629,0.029699,0.0857868,0.962691,0.0298253,-0.268954,-0.0172995,0.998658,0.0488231,0.270049,-0.0423489,0.961915),
									["EasingDirection"] = Enum.EasingDirection.In
								},
							},
							["EasingDirection"] = Enum.EasingDirection.In
						},
					},
					["EasingDirection"] = Enum.EasingDirection.In
				},
			},
			["Markers"] = {}
		},
		[0.133333] = {
			["Poses"] = {
				["HumanoidRootPart"] = {
					["EasingStyle"] = Enum.EasingStyle.Linear,
					["Weight"] = 1,
					["CFrame"] = CFrame.new(0,0,0,1,0,0,0,1,0,0,0,1),
					["SubPoses"] = {
						["Torso"] = {
							["EasingStyle"] = Enum.EasingStyle.Linear,
							["Weight"] = 1,
							["CFrame"] = CFrame.new(-0.000108461,-0.000314832,-0.00171542,1,2.38419e-07,-8.74228e-08,-2.38419e-07,1,2.08432e-14,8.74228e-08,0,1),
							["SubPoses"] = {
								["Head"] = {
									["EasingStyle"] = Enum.EasingStyle.Linear,
									["Weight"] = 1,
									["CFrame"] = CFrame.new(8.88838e-08,3.24469e-12,0.0166624,0.999981,0.00606064,-0.000694642,-0.00605978,0.999981,0.00118721,0.000701832,-0.00118294,0.999999),
									["EasingDirection"] = Enum.EasingDirection.In
								},
								["Left Arm"] = {
									["EasingStyle"] = Enum.EasingStyle.Linear,
									["Weight"] = 1,
									["CFrame"] = CFrame.new(-0.0105671,-0.0625909,-0.0135679,0.999886,0.00060746,0.0151115,-0.00189325,0.99636,0.0852225,-0.0150047,-0.0852416,0.996247),
									["EasingDirection"] = Enum.EasingDirection.In
								},
								["Right Arm"] = {
									["EasingStyle"] = Enum.EasingStyle.Linear,
									["Weight"] = 1,
									["CFrame"] = CFrame.new(0.0122503,-0.0727233,0.0189706,0.999896,0.00179363,-0.0142811,-0.000676482,0.996965,0.0778487,0.0143774,-0.0778312,0.996863),
									["EasingDirection"] = Enum.EasingDirection.In
								},
								["Left Leg"] = {
									["EasingStyle"] = Enum.EasingStyle.Linear,
									["Weight"] = 1,
									["CFrame"] = CFrame.new(0.350905,0.0375482,-0.150284,0.74756,-0.00697287,0.664157,-0.060969,0.995003,0.0790716,-0.66139,-0.0996038,0.743399),
									["EasingDirection"] = Enum.EasingDirection.In
								},
								["Right Leg"] = {
									["EasingStyle"] = Enum.EasingStyle.Linear,
									["Weight"] = 1,
									["CFrame"] = CFrame.new(0.00761624,0.0300597,0.0859152,0.962886,0.0304332,-0.268187,-0.0179322,0.998641,0.0489404,0.269312,-0.0423149,0.962123),
									["EasingDirection"] = Enum.EasingDirection.In
								},
							},
							["EasingDirection"] = Enum.EasingDirection.In
						},
					},
					["EasingDirection"] = Enum.EasingDirection.In
				},
			},
			["Markers"] = {}
		},
		[0.15] = {
			["Poses"] = {
				["HumanoidRootPart"] = {
					["EasingStyle"] = Enum.EasingStyle.Linear,
					["Weight"] = 1,
					["CFrame"] = CFrame.new(0,0,0,1,0,0,0,1,0,0,0,1),
					["SubPoses"] = {
						["Torso"] = {
							["EasingStyle"] = Enum.EasingStyle.Linear,
							["Weight"] = 1,
							["CFrame"] = CFrame.new(-0.00013312,-0.000386409,-0.00210547,1,2.38419e-07,-8.74228e-08,-2.38419e-07,1,2.08432e-14,8.74228e-08,0,1),
							["SubPoses"] = {
								["Head"] = {
									["EasingStyle"] = Enum.EasingStyle.Linear,
									["Weight"] = 1,
									["CFrame"] = CFrame.new(8.88885e-08,-2.63434e-12,0.0166624,0.999981,0.00606064,-0.000694642,-0.00606024,0.999982,0.000502825,0.000697667,-0.000498623,1),
									["EasingDirection"] = Enum.EasingDirection.In
								},
								["Left Arm"] = {
									["EasingStyle"] = Enum.EasingStyle.Linear,
									["Weight"] = 1,
									["CFrame"] = CFrame.new(-0.010602,-0.0628708,-0.0135024,0.999882,0.000589006,0.0153272,-0.00189325,0.99636,0.0852227,-0.0152212,-0.0852418,0.996244),
									["EasingDirection"] = Enum.EasingDirection.In
								},
								["Right Arm"] = {
									["EasingStyle"] = Enum.EasingStyle.Linear,
									["Weight"] = 1,
									["CFrame"] = CFrame.new(0.012297,-0.0729555,0.0189911,0.999892,0.00181929,-0.0146098,-0.000676482,0.996965,0.0778489,0.0147071,-0.0778306,0.996858),
									["EasingDirection"] = Enum.EasingDirection.In
								},
								["Left Leg"] = {
									["EasingStyle"] = Enum.EasingStyle.Linear,
									["Weight"] = 1,
									["CFrame"] = CFrame.new(0.350596,0.0375897,-0.14998,0.74814,-0.00699918,0.663504,-0.0608876,0.995002,0.0791504,-0.660741,-0.0996147,0.743974),
									["EasingDirection"] = Enum.EasingDirection.In
								},
								["Right Leg"] = {
									["EasingStyle"] = Enum.EasingStyle.Linear,
									["Weight"] = 1,
									["CFrame"] = CFrame.new(0.00925174,0.0304586,0.0860538,0.9631,0.0311045,-0.267339,-0.0186307,0.998622,0.0490703,0.268497,-0.042279,0.962352),
									["EasingDirection"] = Enum.EasingDirection.In
								},
							},
							["EasingDirection"] = Enum.EasingDirection.In
						},
					},
					["EasingDirection"] = Enum.EasingDirection.In
				},
			},
			["Markers"] = {}
		},
		[0.166667] = {
			["Poses"] = {
				["HumanoidRootPart"] = {
					["EasingStyle"] = Enum.EasingStyle.Linear,
					["Weight"] = 1,
					["CFrame"] = CFrame.new(0,0,0,1,0,0,0,1,0,0,0,1),
					["SubPoses"] = {
						["Torso"] = {
							["EasingStyle"] = Enum.EasingStyle.Linear,
							["Weight"] = 1,
							["CFrame"] = CFrame.new(-0.000160127,-0.000464805,-0.00253272,1,2.38419e-07,-8.74228e-08,-2.38419e-07,1,2.08432e-14,8.74228e-08,0,1),
							["SubPoses"] = {
								["Head"] = {
									["EasingStyle"] = Enum.EasingStyle.Linear,
									["Weight"] = 1,
									["CFrame"] = CFrame.new(8.88699e-08,-9.07346e-12,0.0166624,0.999981,0.00606064,-0.000694642,-0.00606079,0.999982,-0.000247806,0.000693144,0.000251978,1),
									["EasingDirection"] = Enum.EasingDirection.In
								},
								["Left Arm"] = {
									["EasingStyle"] = Enum.EasingStyle.Linear,
									["Weight"] = 1,
									["CFrame"] = CFrame.new(-0.0106402,-0.0631777,-0.0134307,0.999879,0.000568754,0.0155639,-0.00189325,0.99636,0.0852225,-0.0154588,-0.0852418,0.99624),
									["EasingDirection"] = Enum.EasingDirection.In
								},
								["Right Arm"] = {
									["EasingStyle"] = Enum.EasingStyle.Linear,
									["Weight"] = 1,
									["CFrame"] = CFrame.new(0.0123481,-0.0732102,0.0190135,0.999886,0.00184744,-0.0149704,-0.000676482,0.996965,0.0778489,0.0150688,-0.0778299,0.996853),
									["EasingDirection"] = Enum.EasingDirection.In
								},
								["Left Leg"] = {
									["EasingStyle"] = Enum.EasingStyle.Linear,
									["Weight"] = 1,
									["CFrame"] = CFrame.new(0.350258,0.037635,-0.149648,0.748774,-0.00702803,0.662788,-0.0607982,0.995,0.0792365,-0.660031,-0.0996265,0.744603),
									["EasingDirection"] = Enum.EasingDirection.In
								},
								["Right Leg"] = {
									["EasingStyle"] = Enum.EasingStyle.Linear,
									["Weight"] = 1,
									["CFrame"] = CFrame.new(0.011039,0.0308946,0.0862015,0.963334,0.0318377,-0.266409,-0.0193935,0.9986,0.0492125,0.267603,-0.0422415,0.962603),
									["EasingDirection"] = Enum.EasingDirection.In
								},
							},
							["EasingDirection"] = Enum.EasingDirection.In
						},
					},
					["EasingDirection"] = Enum.EasingDirection.In
				},
			},
			["Markers"] = {}
		},
		[0.183333] = {
			["Poses"] = {
				["HumanoidRootPart"] = {
					["EasingStyle"] = Enum.EasingStyle.Linear,
					["Weight"] = 1,
					["CFrame"] = CFrame.new(0,0,0,1,0,0,0,1,0,0,0,1),
					["SubPoses"] = {
						["Torso"] = {
							["EasingStyle"] = Enum.EasingStyle.Linear,
							["Weight"] = 1,
							["CFrame"] = CFrame.new(-0.000189437,-0.000549883,-0.00299621,1,2.38419e-07,-8.74228e-08,-2.38419e-07,1,2.08432e-14,8.74228e-08,0,1),
							["SubPoses"] = {
								["Head"] = {
									["EasingStyle"] = Enum.EasingStyle.Linear,
									["Weight"] = 1,
									["CFrame"] = CFrame.new(8.88787e-08,1.30424e-11,0.0166624,0.999981,0.00606064,-0.000694642,-0.00606132,0.999981,-0.00106353,0.00068816,0.00106773,0.999999),
									["EasingDirection"] = Enum.EasingDirection.In
								},
								["Left Arm"] = {
									["EasingStyle"] = Enum.EasingStyle.Linear,
									["Weight"] = 1,
									["CFrame"] = CFrame.new(-0.0106817,-0.0635112,-0.0133528,0.999875,0.000546754,0.015821,-0.00189325,0.99636,0.0852225,-0.0157168,-0.085242,0.996236),
									["EasingDirection"] = Enum.EasingDirection.In
								},
								["Right Arm"] = {
									["EasingStyle"] = Enum.EasingStyle.Linear,
									["Weight"] = 1,
									["CFrame"] = CFrame.new(0.0124037,-0.073487,0.019038,0.99988,0.00187804,-0.0153623,-0.000676482,0.996965,0.0778489,0.0154619,-0.0778292,0.996847),
									["EasingDirection"] = Enum.EasingDirection.In
								},
								["Left Leg"] = {
									["EasingStyle"] = Enum.EasingStyle.Linear,
									["Weight"] = 1,
									["CFrame"] = CFrame.new(0.34989,0.0376841,-0.149288,0.749462,-0.00705938,0.66201,-0.0607011,0.994999,0.07933,-0.659259,-0.0996395,0.745285),
									["EasingDirection"] = Enum.EasingDirection.In
								},
								["Right Leg"] = {
									["EasingStyle"] = Enum.EasingStyle.Linear,
									["Weight"] = 1,
									["CFrame"] = CFrame.new(0.0129731,0.0313665,0.0863569,0.963586,0.0326304,-0.2654,-0.0202182,0.998576,0.0493667,0.266633,-0.0422033,0.962874),
									["EasingDirection"] = Enum.EasingDirection.In
								},
							},
							["EasingDirection"] = Enum.EasingDirection.In
						},
					},
					["EasingDirection"] = Enum.EasingDirection.In
				},
			},
			["Markers"] = {}
		},
		[0.2] = {
			["Poses"] = {
				["HumanoidRootPart"] = {
					["EasingStyle"] = Enum.EasingStyle.Linear,
					["Weight"] = 1,
					["CFrame"] = CFrame.new(0,0,0,1,0,0,0,1,0,0,0,1),
					["SubPoses"] = {
						["Torso"] = {
							["EasingStyle"] = Enum.EasingStyle.Linear,
							["Weight"] = 1,
							["CFrame"] = CFrame.new(-0.000221002,-0.000641507,-0.00349545,1,2.38419e-07,-8.74228e-08,-2.38419e-07,1,2.08432e-14,8.74228e-08,0,1),
							["SubPoses"] = {
								["Head"] = {
									["EasingStyle"] = Enum.EasingStyle.Linear,
									["Weight"] = 1,
									["CFrame"] = CFrame.new(8.88715e-08,5.51669e-12,0.0166619,0.999981,0.00606064,-0.000694641,-0.00606195,0.99998,-0.00194338,0.000682848,0.00194755,0.999998),
									["EasingDirection"] = Enum.EasingDirection.In
								},
								["Left Arm"] = {
									["EasingStyle"] = Enum.EasingStyle.Linear,
									["Weight"] = 1,
									["CFrame"] = CFrame.new(-0.0107265,-0.063871,-0.0132686,0.99987,0.000523029,0.0160983,-0.00189325,0.99636,0.0852225,-0.0159951,-0.0852421,0.996232),
									["EasingDirection"] = Enum.EasingDirection.In
								},
								["Right Arm"] = {
									["EasingStyle"] = Enum.EasingStyle.Linear,
									["Weight"] = 1,
									["CFrame"] = CFrame.new(0.0124636,-0.0737855,0.0190643,0.999874,0.00191104,-0.015785,-0.000676482,0.996965,0.0778487,0.0158858,-0.0778284,0.99684),
									["EasingDirection"] = Enum.EasingDirection.In
								},
								["Left Leg"] = {
									["EasingStyle"] = Enum.EasingStyle.Linear,
									["Weight"] = 1,
									["CFrame"] = CFrame.new(0.349494,0.0377368,-0.1489,0.750202,-0.0070933,0.661171,-0.0605962,0.994997,0.0794306,-0.658426,-0.0996534,0.746019),
									["EasingDirection"] = Enum.EasingDirection.In
								},
								["Right Leg"] = {
									["EasingStyle"] = Enum.EasingStyle.Linear,
									["Weight"] = 1,
									["CFrame"] = CFrame.new(0.0151781,0.0319141,0.0865515,0.963853,0.0335487,-0.264312,-0.0211732,0.998548,0.0495328,0.26559,-0.0421461,0.963164),
									["EasingDirection"] = Enum.EasingDirection.In
								},
							},
							["EasingDirection"] = Enum.EasingDirection.In
						},
					},
					["EasingDirection"] = Enum.EasingDirection.In
				},
			},
			["Markers"] = {}
		},
		[0.216667] = {
			["Poses"] = {
				["HumanoidRootPart"] = {
					["EasingStyle"] = Enum.EasingStyle.Linear,
					["Weight"] = 1,
					["CFrame"] = CFrame.new(0,0,0,1,0,0,0,1,0,0,0,1),
					["SubPoses"] = {
						["Torso"] = {
							["EasingStyle"] = Enum.EasingStyle.Linear,
							["Weight"] = 1,
							["CFrame"] = CFrame.new(-0.000254775,-0.000739541,-0.00402951,1,2.38419e-07,-8.74228e-08,-2.38419e-07,1,2.08432e-14,8.74228e-08,0,1),
							["SubPoses"] = {
								["Head"] = {
									["EasingStyle"] = Enum.EasingStyle.Linear,
									["Weight"] = 1,
									["CFrame"] = CFrame.new(8.88918e-08,-2.53546e-12,0.0166619,0.999981,0.00606064,-0.000694641,-0.00606259,0.999977,-0.00288638,0.000677163,0.0028905,0.999996),
									["EasingDirection"] = Enum.EasingDirection.In
								},
								["Left Arm"] = {
									["EasingStyle"] = Enum.EasingStyle.Linear,
									["Weight"] = 1,
									["CFrame"] = CFrame.new(-0.0107745,-0.0642563,-0.0131785,0.999865,0.000497605,0.0163954,-0.00189325,0.99636,0.0852225,-0.0162934,-0.0852422,0.996227),
									["EasingDirection"] = Enum.EasingDirection.In
								},
								["Right Arm"] = {
									["EasingStyle"] = Enum.EasingStyle.Linear,
									["Weight"] = 1,
									["CFrame"] = CFrame.new(0.0125278,-0.0741052,0.0190924,0.999866,0.0019464,-0.0162379,-0.000676481,0.996965,0.0778488,0.0163401,-0.0778274,0.996833),
									["EasingDirection"] = Enum.EasingDirection.In
								},
								["Left Leg"] = {
									["EasingStyle"] = Enum.EasingStyle.Linear,
									["Weight"] = 1,
									["CFrame"] = CFrame.new(0.34907,0.0377933,-0.148485,0.750992,-0.00712945,0.660272,-0.060484,0.994995,0.079538,-0.657535,-0.0996683,0.746803),
									["EasingDirection"] = Enum.EasingDirection.In
								},
								["Right Leg"] = {
									["EasingStyle"] = Enum.EasingStyle.Linear,
									["Weight"] = 1,
									["CFrame"] = CFrame.new(0.0174005,0.032457,0.0867193,0.96414,0.0344586,-0.263149,-0.0221196,0.998519,0.0497103,0.264472,-0.042107,0.963474),
									["EasingDirection"] = Enum.EasingDirection.In
								},
							},
							["EasingDirection"] = Enum.EasingDirection.In
						},
					},
					["EasingDirection"] = Enum.EasingDirection.In
				},
			},
			["Markers"] = {}
		},
		[0.233333] = {
			["Poses"] = {
				["HumanoidRootPart"] = {
					["EasingStyle"] = Enum.EasingStyle.Linear,
					["Weight"] = 1,
					["CFrame"] = CFrame.new(0,0,0,1,0,0,0,1,0,0,0,1),
					["SubPoses"] = {
						["Torso"] = {
							["EasingStyle"] = Enum.EasingStyle.Linear,
							["Weight"] = 1,
							["CFrame"] = CFrame.new(-0.00029071,-0.000843849,-0.0045979,1,2.38419e-07,-8.74228e-08,-2.38419e-07,1,2.08432e-14,8.74228e-08,0,1),
							["SubPoses"] = {
								["Head"] = {
									["EasingStyle"] = Enum.EasingStyle.Linear,
									["Weight"] = 1,
									["CFrame"] = CFrame.new(8.8867e-08,-1.11029e-11,0.0166619,0.999981,0.00606064,-0.000694641,-0.00606324,0.999974,-0.00389102,0.000671091,0.0038951,0.999992),
									["EasingDirection"] = Enum.EasingDirection.In
								},
								["Left Arm"] = {
									["EasingStyle"] = Enum.EasingStyle.Linear,
									["Weight"] = 1,
									["CFrame"] = CFrame.new(-0.0108256,-0.0646671,-0.0130826,0.99986,0.000470513,0.016712,-0.00189325,0.99636,0.0852225,-0.0166111,-0.0852424,0.996222),
									["EasingDirection"] = Enum.EasingDirection.In
								},
								["Right Arm"] = {
									["EasingStyle"] = Enum.EasingStyle.Linear,
									["Weight"] = 1,
									["CFrame"] = CFrame.new(0.0125962,-0.0744461,0.0191226,0.999858,0.00198407,-0.0167204,-0.000676481,0.996965,0.0778488,0.0168241,-0.0778266,0.996825),
									["EasingDirection"] = Enum.EasingDirection.In
								},
								["Left Leg"] = {
									["EasingStyle"] = Enum.EasingStyle.Linear,
									["Weight"] = 1,
									["CFrame"] = CFrame.new(0.348618,0.0378537,-0.148045,0.751832,-0.00716816,0.659316,-0.0603642,0.994993,0.0796522,-0.656586,-0.0996841,0.747635),
									["EasingDirection"] = Enum.EasingDirection.In
								},
								["Right Leg"] = {
									["EasingStyle"] = Enum.EasingStyle.Linear,
									["Weight"] = 1,
									["CFrame"] = CFrame.new(0.0197581,0.0330335,0.0868907,0.964442,0.0354231,-0.26191,-0.0231227,0.998487,0.0498991,0.263281,-0.0420688,0.963802),
									["EasingDirection"] = Enum.EasingDirection.In
								},
							},
							["EasingDirection"] = Enum.EasingDirection.In
						},
					},
					["EasingDirection"] = Enum.EasingDirection.In
				},
			},
			["Markers"] = {}
		},
		[0.25] = {
			["Poses"] = {
				["HumanoidRootPart"] = {
					["EasingStyle"] = Enum.EasingStyle.Linear,
					["Weight"] = 1,
					["CFrame"] = CFrame.new(0,0,0,1,0,0,0,1,0,0,0,1),
					["SubPoses"] = {
						["Torso"] = {
							["EasingStyle"] = Enum.EasingStyle.Linear,
							["Weight"] = 1,
							["CFrame"] = CFrame.new(-0.000328758,-0.000954294,-0.00519967,1,2.38419e-07,-8.74228e-08,-2.38419e-07,1,2.08432e-14,8.74228e-08,0,1),
							["SubPoses"] = {
								["Head"] = {
									["EasingStyle"] = Enum.EasingStyle.Linear,
									["Weight"] = 1,
									["CFrame"] = CFrame.new(8.88698e-08,-2.01744e-11,0.0166619,0.999981,0.00606064,-0.000694641,-0.00606394,0.999969,-0.00495663,0.000664601,0.00496075,0.999987),
									["EasingDirection"] = Enum.EasingDirection.In
								},
								["Left Arm"] = {
									["EasingStyle"] = Enum.EasingStyle.Linear,
									["Weight"] = 1,
									["CFrame"] = CFrame.new(-0.0108798,-0.0651027,-0.0129808,0.999855,0.000441776,0.0170479,-0.00189325,0.99636,0.0852225,-0.0169482,-0.0852425,0.996216),
									["EasingDirection"] = Enum.EasingDirection.In
								},
								["Right Arm"] = {
									["EasingStyle"] = Enum.EasingStyle.Linear,
									["Weight"] = 1,
									["CFrame"] = CFrame.new(0.0126688,-0.0748076,0.0191543,0.99985,0.00202403,-0.0172322,-0.000676481,0.996965,0.0778488,0.0173375,-0.0778255,0.996816),
									["EasingDirection"] = Enum.EasingDirection.In
								},
								["Left Leg"] = {
									["EasingStyle"] = Enum.EasingStyle.Linear,
									["Weight"] = 1,
									["CFrame"] = CFrame.new(0.348139,0.0379171,-0.14758,0.75272,-0.00720917,0.658301,-0.0602371,0.994991,0.079773,-0.655579,-0.0997008,0.748516),
									["EasingDirection"] = Enum.EasingDirection.In
								},
								["Right Leg"] = {
									["EasingStyle"] = Enum.EasingStyle.Linear,
									["Weight"] = 1,
									["CFrame"] = CFrame.new(0.022246,0.0336417,0.0870638,0.96476,0.0364397,-0.260597,-0.0241798,0.998452,0.0500989,0.262019,-0.0420323,0.964147),
									["EasingDirection"] = Enum.EasingDirection.In
								},
							},
							["EasingDirection"] = Enum.EasingDirection.In
						},
					},
					["EasingDirection"] = Enum.EasingDirection.In
				},
			},
			["Markers"] = {}
		},
		[0.266667] = {
			["Poses"] = {
				["HumanoidRootPart"] = {
					["EasingStyle"] = Enum.EasingStyle.Linear,
					["Weight"] = 1,
					["CFrame"] = CFrame.new(0,0,0,1,0,0,0,1,0,0,0,1),
					["SubPoses"] = {
						["Torso"] = {
							["EasingStyle"] = Enum.EasingStyle.Linear,
							["Weight"] = 1,
							["CFrame"] = CFrame.new(-0.000368874,-0.00107074,-0.00583434,1,2.38419e-07,-8.74228e-08,-2.38419e-07,1,2.08432e-14,8.74228e-08,0,1),
							["SubPoses"] = {
								["Head"] = {
									["EasingStyle"] = Enum.EasingStyle.Linear,
									["Weight"] = 1,
									["CFrame"] = CFrame.new(8.88712e-08,2.84688e-11,0.0166624,0.999981,0.00606064,-0.000694641,-0.00606472,0.999963,-0.00608185,0.000657776,0.0060859,0.999981),
									["EasingDirection"] = Enum.EasingDirection.In
								},
								["Left Arm"] = {
									["EasingStyle"] = Enum.EasingStyle.Linear,
									["Weight"] = 1,
									["CFrame"] = CFrame.new(-0.0109371,-0.0655626,-0.0128733,0.999848,0.000411431,0.0174025,-0.00189325,0.99636,0.0852225,-0.0173041,-0.0852427,0.99621),
									["EasingDirection"] = Enum.EasingDirection.In
								},
								["Right Arm"] = {
									["EasingStyle"] = Enum.EasingStyle.Linear,
									["Weight"] = 1,
									["CFrame"] = CFrame.new(0.0127454,-0.0751893,0.019188,0.99984,0.00206622,-0.0177725,-0.000676481,0.996965,0.0778487,0.0178795,-0.0778245,0.996807),
									["EasingDirection"] = Enum.EasingDirection.In
								},
								["Left Leg"] = {
									["EasingStyle"] = Enum.EasingStyle.Linear,
									["Weight"] = 1,
									["CFrame"] = CFrame.new(0.347633,0.0379841,-0.147089,0.753655,-0.00725242,0.65723,-0.0601028,0.994989,0.0799002,-0.654517,-0.0997185,0.749443),
									["EasingDirection"] = Enum.EasingDirection.In
								},
								["Right Leg"] = {
									["EasingStyle"] = Enum.EasingStyle.Linear,
									["Weight"] = 1,
									["CFrame"] = CFrame.new(0.0248605,0.0342811,0.0872376,0.965092,0.0375069,-0.259213,-0.0252894,0.998413,0.0503094,0.260689,-0.0419979,0.964509),
									["EasingDirection"] = Enum.EasingDirection.In
								},
							},
							["EasingDirection"] = Enum.EasingDirection.In
						},
					},
					["EasingDirection"] = Enum.EasingDirection.In
				},
			},
			["Markers"] = {}
		},
		[0.283333] = {
			["Poses"] = {
				["HumanoidRootPart"] = {
					["EasingStyle"] = Enum.EasingStyle.Linear,
					["Weight"] = 1,
					["CFrame"] = CFrame.new(0,0,0,1,0,0,0,1,0,0,0,1),
					["SubPoses"] = {
						["Torso"] = {
							["EasingStyle"] = Enum.EasingStyle.Linear,
							["Weight"] = 1,
							["CFrame"] = CFrame.new(-0.000411011,-0.00119305,-0.00650072,1,2.38419e-07,-8.74228e-08,-2.38419e-07,1,2.08432e-14,8.74228e-08,0,1),
							["SubPoses"] = {
								["Head"] = {
									["EasingStyle"] = Enum.EasingStyle.Linear,
									["Weight"] = 1,
									["CFrame"] = CFrame.new(8.88712e-08,1.84228e-11,0.0166621,0.999981,0.00606064,-0.00069464,-0.00606547,0.999955,-0.00726569,0.000650564,0.00726974,0.999973),
									["EasingDirection"] = Enum.EasingDirection.In
								},
								["Left Arm"] = {
									["EasingStyle"] = Enum.EasingStyle.Linear,
									["Weight"] = 1,
									["CFrame"] = CFrame.new(-0.0109973,-0.0660463,-0.0127603,0.999842,0.000379515,0.0177755,-0.00189325,0.99636,0.0852225,-0.0176785,-0.0852428,0.996203),
									["EasingDirection"] = Enum.EasingDirection.In
								},
								["Right Arm"] = {
									["EasingStyle"] = Enum.EasingStyle.Linear,
									["Weight"] = 1,
									["CFrame"] = CFrame.new(0.012826,-0.0755908,0.0192235,0.99983,0.00211061,-0.0183411,-0.000676481,0.996965,0.0778489,0.0184498,-0.0778233,0.996797),
									["EasingDirection"] = Enum.EasingDirection.In
								},
								["Left Leg"] = {
									["EasingStyle"] = Enum.EasingStyle.Linear,
