return {
	["__isAnimPart"] = true,
	["Keyframes"] = {
		[3.96667] = {
			["Poses"] = {
				["HumanoidRootPart"] = {
					["EasingStyle"] = Enum.EasingStyle.Linear,
					["Weight"] = 1,
					["CFrame"] = CFrame.new(0,0,0,1,0,0,0,1,0,0,0,1),
					["SubPoses"] = {
						["Torso"] = {
							["EasingStyle"] = Enum.EasingStyle.Linear,
							["Weight"] = 1,
							["CFrame"] = CFrame.new(-1.40164e-06,-4.06429e-06,-2.21729e-05,1,2.38419e-07,-8.74228e-08,-2.38419e-07,1,2.08432e-14,8.74228e-08,0,1),
							["SubPoses"] = {
								["Head"] = {
									["EasingStyle"] = Enum.EasingStyle.Linear,
									["Weight"] = 1,
									["CFrame"] = CFrame.new(8.88793e-08,1.2057e-13,0.0166619,0.999981,0.00606064,-0.000694643,-0.00605767,0.999973,0.00410742,0.000719512,-0.00410315,0.999991),
									["EasingDirection"] = Enum.EasingDirection.In
								},
								["Left Arm"] = {
									["EasingStyle"] = Enum.EasingStyle.Linear,
									["Weight"] = 1,
									["CFrame"] = CFrame.new(-0.0104185,-0.0613969,-0.013847,0.999899,0.000686232,0.0141908,-0.00189325,0.99636,0.0852225,-0.0140807,-0.085241,0.996261),
									["EasingDirection"] = Enum.EasingDirection.In
								},
								["Right Arm"] = {
									["EasingStyle"] = Enum.EasingStyle.Linear,
									["Weight"] = 1,
									["CFrame"] = CFrame.new(0.0120514,-0.0717322,0.0188832,0.999916,0.00168408,-0.012878,-0.000676482,0.996965,0.0778488,0.0129701,-0.0778336,0.996882),
									["EasingDirection"] = Enum.EasingDirection.In
								},
								["Left Leg"] = {
									["EasingStyle"] = Enum.EasingStyle.Linear,
									["Weight"] = 1,
									["CFrame"] = CFrame.new(0.352241,0.037368,-0.151606,0.745037,-0.00685902,0.666988,-0.0613213,0.995008,0.078729,-0.664199,-0.0995565,0.740897),
									["EasingDirection"] = Enum.EasingDirection.In
								},
								["Right Leg"] = {
									["EasingStyle"] = Enum.EasingStyle.Linear,
									["Weight"] = 1,
									["CFrame"] = CFrame.new(0.00047216,0.0283183,0.0852705,0.961941,0.0274953,-0.271869,-0.0148743,0.998719,0.0483759,0.272851,-0.042491,0.961118),
									["EasingDirection"] = Enum.EasingDirection.In
								},
							},
							["EasingDirection"] = Enum.EasingDirection.In
						},
					},
					["EasingDirection"] = Enum.EasingDirection.In
				},
			},
			["Markers"] = {}
		},
		[3.98333] = {
			["Poses"] = {
				["HumanoidRootPart"] = {
					["EasingStyle"] = Enum.EasingStyle.Linear,
					["Weight"] = 1,
					["CFrame"] = CFrame.new(0,0,0,1,0,0,0,1,0,0,0,1),
					["SubPoses"] = {
						["Torso"] = {
							["EasingStyle"] = Enum.EasingStyle.Linear,
							["Weight"] = 1,
							["CFrame"] = CFrame.new(0,0,0,1,2.38419e-07,-8.74228e-08,-2.38419e-07,1,2.08432e-14,8.74228e-08,0,1),
							["SubPoses"] = {
								["Head"] = {
									["EasingStyle"] = Enum.EasingStyle.Linear,
									["Weight"] = 1,
									["CFrame"] = CFrame.new(8.88794e-08,0,0.0166621,0.999981,0.00606064,-0.000694643,-0.00605763,0.999973,0.00418267,0.000719974,-0.00417841,0.999991),
									["EasingDirection"] = Enum.EasingDirection.In
								},
								["Left Arm"] = {
									["EasingStyle"] = Enum.EasingStyle.Linear,
									["Weight"] = 1,
									["CFrame"] = CFrame.new(-0.0104147,-0.0613662,-0.0138541,0.999899,0.000688265,0.0141671,-0.00189325,0.99636,0.0852225,-0.0140569,-0.085241,0.996261),
									["EasingDirection"] = Enum.EasingDirection.In
								},
								["Right Arm"] = {
									["EasingStyle"] = Enum.EasingStyle.Linear,
									["Weight"] = 1,
									["CFrame"] = CFrame.new(0.0120463,-0.0717067,0.018881,0.999916,0.00168126,-0.0128419,-0.000676482,0.996965,0.0778488,0.0129338,-0.0778337,0.996883),
									["EasingDirection"] = Enum.EasingDirection.In
								},
								["Left Leg"] = {
									["EasingStyle"] = Enum.EasingStyle.Linear,
									["Weight"] = 1,
									["CFrame"] = CFrame.new(0.352258,0.0373659,-0.151623,0.745004,-0.00685756,0.667025,-0.0613258,0.995008,0.0787245,-0.664236,-0.0995559,0.740864),
									["EasingDirection"] = Enum.EasingDirection.In
								},
								["Right Leg"] = {
									["EasingStyle"] = Enum.EasingStyle.Linear,
									["Weight"] = 1,
									["CFrame"] = CFrame.new(0.00037816,0.0282956,0.0852617,0.961929,0.0274565,-0.271917,-0.0148338,0.99872,0.0483686,0.272897,-0.0424936,0.961104),
									["EasingDirection"] = Enum.EasingDirection.In
								},
							},
							["EasingDirection"] = Enum.EasingDirection.In
						},
					},
					["EasingDirection"] = Enum.EasingDirection.In
				},
			},
			["Markers"] = {}
		},
	}
}